,nu_factor,USA,EUR,JAP,CHN,BRA,IND,CAN,KOR,RUS,MEX,ROW,pop_weighted,negishi
0,0.5,-0.04969946462119743,0.10133644270691575,-0.053846889430541396,-0.04819425794349655,-0.048929516175730485,-0.04936106940992569,-0.05403844730944962,-0.06110722841204137,-0.050065113023826026,-0.05049488741320167,-0.053227941477365266,-0.04832756275369622,-0.019739319838444593
1,0.52,-0.05083401274149945,0.10228136400636634,-0.055117932231500015,-0.04944340187298139,-0.05024885865085299,-0.05067444639812341,-0.055242558168737875,-0.062359197500941925,-0.05144353405206351,-0.051823834295655784,-0.05452805486333268,-0.04957495627764219,-0.020579058685910253
2,0.54,-0.051945548376209766,0.10310862057950625,-0.05636285422695527,-0.05067248720966199,-0.05154385857077411,-0.051964126086735556,-0.05642690941622806,-0.0635882107275627,-0.05280070092046881,-0.05312876364365241,-0.05580635790875012,-0.050801372175787,-0.021429990108026733
3,0.56,-0.05304677877627084,0.10382824791077473,-0.057593451555623926,-0.051889668855002596,-0.05282279679617146,-0.05324177519563358,-0.057595958725988425,-0.06479264564176532,-0.054135030967975145,-0.05441946179846376,-0.05706767858734642,-0.052018009765088705,-0.022285418608757133
4,0.58,-0.05413410771014849,0.10444713808221612,-0.058803952879936464,-0.05309787388220975,-0.05408502940570768,-0.05450582067733884,-0.05874639508351163,-0.06597290408986123,-0.05545006311512887,-0.055686474213472115,-0.058316938559636766,-0.05322400999132436,-0.02314628948932725
5,0.6,-0.055208412911413686,0.10497683517559428,-0.060000017671696215,-0.054290625089679495,-0.055338330789006414,-0.05575025771195644,-0.05988716615109517,-0.06714310499613396,-0.05674744075056115,-0.05694081660145181,-0.05955283434544946,-0.054416312930779615,-0.02401793340674149
6,0.62,-0.05627115422100352,0.10542147284552052,-0.06118153819713876,-0.055477209455963655,-0.056579098621251364,-0.056989426195459,-0.06101295415610546,-0.06829427542870131,-0.05803029204274592,-0.058186350561740915,-0.060780233102496195,-0.05560300383023085,-0.024897190657877755
7,0.64,-0.05732619414616445,0.105786360938902,-0.062353333839825095,-0.05665437622028911,-0.05780641859629533,-0.058216624244296904,-0.06213741420397601,-0.06943648051947858,-0.0593008725844308,-0.059417335148301394,-0.0619958416482732,-0.05677966692023458,-0.025781049679100904
8,0.66,-0.058373229842021576,0.10608405456248679,-0.06351406657457759,-0.05782876604366858,-0.059025725652983266,-0.05943476491762337,-0.06324458490902968,-0.07056398148279823,-0.060558162629975994,-0.06063908570922747,-0.06320222737758828,-0.057952958404710736,-0.02667448329467489
9,0.6799999999999999,-0.05941455333118809,0.10631430649804982,-0.06466755285847188,-0.058993029734810416,-0.0602389475880593,-0.060647957008775975,-0.06435014097482017,-0.07168134759421571,-0.06180715557192747,-0.061850347355230276,-0.06440526622126024,-0.05911766577873696,-0.027572619827497324
10,0.7,-0.06045055671006338,0.10648294702276764,-0.06581076154656267,-0.06015072411332534,-0.0614421527423798,-0.06184964932960011,-0.06544796798980697,-0.07279242212532222,-0.06304482540028042,-0.06305756192716673,-0.06560324857754293,-0.06028412576282918,-0.028476560139675033
11,0.72,-0.06148256389705387,0.10659199781419554,-0.06694925941249051,-0.06130772628431172,-0.06264060867854633,-0.06305039007587629,-0.06654089974376605,-0.07389584745102033,-0.06427274867555181,-0.0642544894638053,-0.06679266716955325,-0.06144070142344859,-0.029388891352018703
12,0.74,-0.06251124410697685,0.10665049783651985,-0.06808104879472161,-0.06245540233185469,-0.06383457905745096,-0.06424178832915925,-0.06763047862330021,-0.07499079753962591,-0.0654958297551416,-0.06544633225436455,-0.06797948780102038,-0.06259406338203431,-0.030306538102186878
13,0.76,-0.06353496366973009,0.10666347604928127,-0.06920949226539784,-0.06360091085927004,-0.0650189886256949,-0.0654284005286443,-0.06871672872900018,-0.07608238359044246,-0.0667101727343187,-0.06663236170902058,-0.069162519245148,-0.06374624030466879,-0.03122859670210085
14,0.78,-0.06455652411664735,0.10662690738657542,-0.0703327907753518,-0.06474429637201802,-0.06620310928130087,-0.06661281121181517,-0.06979676910059654,-0.07716877698181566,-0.06792102312909218,-0.06781407832087313,-0.07034036080399071,-0.0648940097229645,-0.032156778009052124
15,0.8,-0.0655762909416963,0.10654867560624567,-0.07145031735266807,-0.06588285309826919,-0.0673773588439002,-0.06779164490321912,-0.07087628725506728,-0.07825035215807129,-0.06912325271134279,-0.06899263599336984,-0.07151677017615835,-0.06604034054978417,-0.033090231687050796
16,0.8200000000000001,-0.06659335946773416,0.10643200122024433,-0.07256452124634902,-0.06701840549662332,-0.06855165016555063,-0.06896711686134671,-0.07195147155038958,-0.07932652076417812,-0.070322381742933,-0.07016364213047922,-0.07268937356330471,-0.06718289373726447,-0.0340267380990543
17,0.8400000000000001,-0.06760894992088919,0.10627862768753743,-0.07367402455096916,-0.06815060830322774,-0.06972057497623901,-0.07013695905659188,-0.07302461761350139,-0.08040017964742603,-0.07151561114790096,-0.07133258974855321,-0.07385870269880085,-0.06832426887104401,-0.03496821781509822
18,0.86,-0.06862125405299344,0.10608908798107448,-0.07477989383579561,-0.06928023493039125,-0.07088588974252225,-0.071305520074168,-0.07409656670229973,-0.08147082989007437,-0.07270382827065291,-0.07249748913578977,-0.07502457789496732,-0.06946292696039469,-0.03591440026713926
19,0.88,-0.06963345136122376,0.10586944029618385,-0.07588355144190036,-0.07040658796109615,-0.0720474838885358,-0.07246991526248907,-0.07516404737541092,-0.08253774916273779,-0.07388733742380313,-0.07365748455312544,-0.07619042184499018,-0.07059999839013771,-0.0368635804456088
20,0.9,-0.07064302710879847,0.10561720993666095,-0.07698405507665348,-0.07153007888023843,-0.07320565908421427,-0.07363110949484128,-0.07623120713070929,-0.08360022693421516,-0.07506708843237275,-0.07481589213987738,-0.07735256256407963,-0.07173547176214114,-0.03781699031788921
21,0.9199999999999999,-0.07165094569010827,0.10533753824315668,-0.07808113052837548,-0.07265157570109829,-0.07436061988324583,-0.07478983886051503,-0.07729510497233147,-0.08465955394885419,-0.07624241659080448,-0.07597014514905161,-0.07851157923425378,-0.07286857353878387,-0.038772538075484544
22,0.94,-0.07265696519651288,0.10503289584175918,-0.07917438163198201,-0.07376940767798623,-0.07551218696221557,-0.07594509981989771,-0.07835841076198993,-0.08571756183745563,-0.07741438236924718,-0.07712061423014802,-0.07966873827848653,-0.07399866029083806,-0.0397311407103872
23,0.96,-0.07366200363659783,0.10470055478388911,-0.08026635995175008,-0.07488474708140826,-0.07666005226367613,-0.07709763556400634,-0.0794184271850027,-0.0867707685383237,-0.07858179776874179,-0.07826853003763305,-0.0808237493580245,-0.07512788100465694,-0.040691824402256424
24,0.98,-0.07466406835163028,0.10434432299393491,-0.0813546238710541,-0.07599730373503244,-0.07780487359891719,-0.07824562793751494,-0.08047636320326737,-0.0878217196751845,-0.0797452391645536,-0.07941283821710371,-0.08197552403561661,-0.07625531250434034,-0.04165554302784039
25,1.0,-0.07566401450652759,0.10396956654173302,-0.08243964348867328,-0.07710616203598274,-0.07894577473349025,-0.07939125524610643,-0.08153287203842875,-0.08887089199475479,-0.08090592145054207,-0.08055435808810876,-0.08312518370850673,-0.077379542537556,-0.04262027612923128
26,1.02,-0.07666314854347818,0.10357210822918736,-0.08352101562985381,-0.07821277112718335,-0.08008425439918583,-0.08053372791416993,-0.08258555554444912,-0.08991521370752463,-0.08206156110616884,-0.08169183502189435,-0.08427197661676242,-0.0785019789851316,-0.04358635738076777
27,1.04,-0.07766014196654357,0.10315268717015107,-0.08459991504348792,-0.07931561655973267,-0.08121870210195647,-0.08167339982171336,-0.08363673253092817,-0.09095805916355876,-0.08321391798560682,-0.08282645333017724,-0.08541683475615416,-0.07962080924148951,-0.04455442936069943
28,1.06,-0.078654653253731,0.10271987679038524,-0.08567538933058733,-0.08041556615938293,-0.08235029823073804,-0.08280953204923873,-0.08468582495643179,-0.09199725176122306,-0.08436319304713881,-0.08395664068134447,-0.08655847111747711,-0.08073889122441538,-0.045523449955254536
29,1.08,-0.07964674709634904,0.10226676866241126,-0.08674820104820197,-0.08151262538184322,-0.08347852429661042,-0.08394153599967935,-0.08573186269204593,-0.09303241522429805,-0.08550788991226846,-0.08508427178234826,-0.0876967933726692,-0.08185321701346983,-0.04649285313602001
30,1.1,-0.08063677011279022,0.10179831268671456,-0.08781687409012502,-0.08260587190571535,-0.08460196626666175,-0.08507120106908274,-0.0867744348388031,-0.09406594140788072,-0.08664851557278941,-0.08620835258097097,-0.08883258741142042,-0.0829658446966933,-0.04746284712531661
31,1.12,-0.08162459218034616,0.10131164590868262,-0.08888278654050062,-0.08369478254859478,-0.08572246887343307,-0.08619640758502958,-0.08781389522154298,-0.09509481424579298,-0.08778478222988946,-0.08732891428052099,-0.08996512370186242,-0.08407477821132961,-0.0484324126375702
32,1.1400000000000001,-0.0826092551102269,0.10081271349505011,-0.08994470162019708,-0.08478164451716097,-0.0868390391175281,-0.0873181757494814,-0.08885136915368336,-0.09612042644737745,-0.08891693037886694,-0.08844550008690366,-0.09109550565617393,-0.08518104725433326,-0.0494029326119499
33,1.1600000000000001,-0.08359104185789196,0.10030024145620572,-0.09100230542250254,-0.08586313519109541,-0.08795181514846832,-0.08843696489493238,-0.0898853952839328,-0.09714212526735215,-0.0900459529434683,-0.08955822300547815,-0.09222211959783805,-0.08628349053279624,-0.05037238843961976
34,1.1800000000000002,-0.08456995038938427,0.09977313087062115,-0.09205727439988057,-0.08694171496900006,-0.0890604945971911,-0.08955084979574249,-0.0909167845664195,-0.09816110763477279,-0.09116988039873081,-0.09066731953498397,-0.09334379020634921,-0.08738435667373315,-0.05134134926671397
35,1.2000000000000002,-0.0855466031120809,0.09923611060509731,-0.09310772383680381,-0.08801629026613011,-0.09016524516533332,-0.09066046461926267,-0.09194417048151687,-0.09917501210809711,-0.0922896227084779,-0.09177271694441584,-0.09446367371000146,-0.08848014598682927,-0.052309874100450904
36,1.22,-0.08651900282473392,0.09868638376749762,-0.09415445726897953,-0.08908720149990229,-0.09126534289169705,-0.09176742621710146,-0.0929676954768035,-0.10018551911443432,-0.09340485351922884,-0.09287325360842485,-0.09557857135911492,-0.08957314645200033,-0.05327724456307657
37,1.24,-0.08748858579701842,0.09812733955992475,-0.09519675747520459,-0.09015318670594923,-0.09236076695473296,-0.09286941901806764,-0.09398696283088781,-0.10119195476365185,-0.09451644254247642,-0.09396961246781757,-0.09669043820882783,-0.09066280646980454,-0.054243306610891495
38,1.26,-0.08845468906332384,0.09756034712519428,-0.09623544608251357,-0.09121530885097513,-0.09345332144395906,-0.09396638343496057,-0.0950040502917434,-0.10219479517524437,-0.09562343374022106,-0.09506218958967481,-0.09779801158771648,-0.09174841078406308,-0.05520784330521387
39,1.28,-0.08941739136502004,0.09698150963855395,-0.09726972045341739,-0.09227333229801016,-0.09454036594516783,-0.09505978759342275,-0.09601690956198489,-0.10319350345887714,-0.09672426597383518,-0.09615011370248701,-0.09890154033282475,-0.09282968760257043,-0.05617094955534053
40,1.3,-0.09037611456101773,0.09638961517388711,-0.09829934926871405,-0.0933263083039252,-0.09562332143850467,-0.09614915986626162,-0.09702613532942843,-0.10418740844494938,-0.09782198543399645,-0.09723415663817471,-0.10000206638614306,-0.09390796758284686,-0.057131841453783895
41,1.32,-0.09133122146571603,0.09579611712100267,-0.09932499663591955,-0.09437514914091044,-0.09670136020728676,-0.09723326039549542,-0.0980308596735117,-0.10517681209696564,-0.09891394071381339,-0.098312716510587,-0.10109737527684234,-0.09498146430958135,-0.058091164181170614
42,1.3399999999999999,-0.09228286840827696,0.09519342582601516,-0.10034570467897404,-0.09541912339444017,-0.0977747254895877,-0.09831275086905601,-0.0990309400083502,-0.10616209287497066,-0.10000147686343927,-0.09938667811405824,-0.10218885576252368,-0.09605084561893587,-0.05904846328216484
43,1.3599999999999999,-0.09322988451523927,0.0945803202376954,-0.1013620221917777,-0.096457876659252,-0.09884335860776701,-0.0993884794169747,-0.10002762576411006,-0.1071434125877308,-0.10108425168575867,-0.1004569932095632,-0.10327559624182504,-0.09711605578757855,-0.06000340730622533
44,1.38,-0.0941729193563528,0.0939652018130532,-0.10237306411516665,-0.09749279995209181,-0.09990671798967779,-0.10045878307228331,-0.10101896286282458,-0.10811849778318601,-0.1021611040318957,-0.10152131032030844,-0.10435756805314109,-0.09817702289815296,-0.06095564992192249
45,1.4,-0.09511173972722556,0.09334078772212835,-0.1033799509734933,-0.09852247967137304,-0.10096578732967387,-0.10152380144123105,-0.10200628239510118,-0.10909026345919604,-0.1032339174858232,-0.10258203370213127,-0.10543521943321327,-0.09923347470378362,-0.06190491159918266
46,1.42,-0.09604660485624063,0.09270939783350844,-0.10438093509738709,-0.09954696520213684,-0.10201942961746018,-0.10258396482912083,-0.10298952689149478,-0.1100564155754878,-0.10430114582900335,-0.10363678465089694,-0.10650759434745558,-0.1002847869969132,-0.06285161732821812
47,1.44,-0.0969766914378616,0.09207478512357847,-0.10537793205826701,-0.10056590316661546,-0.10306791602958233,-0.10363882198378811,-0.10396731057029567,-0.11101845082482942,-0.10536295622064046,-0.10468618014492156,-0.10757550735751431,-0.10133201208697602,-0.06379527525909906
48,1.46,-0.09790249554035117,0.09143318414308702,-0.1063699833306076,-0.10158059053391748,-0.10411128298104025,-0.10468883997052988,-0.1049405580375937,-0.11197531051588981,-0.10641934900154426,-0.10573075386101767,-0.10863804358882223,-0.10237407240827708,-0.06473594161530531
49,1.48,-0.09882384965609732,0.0907916476471058,-0.1073563069244855,-0.10258927893961864,-0.10514870331839565,-0.10573349944790612,-0.10590887200732128,-0.11292604792397053,-0.10747009529412016,-0.10677058302954011,-0.1096960293992278,-0.10341145030782486,-0.06567345427390894
50,1.5,-0.0997402562250926,0.09013981850430314,-0.10833773422136207,-0.10359260164624477,-0.10618185154373326,-0.1067724195027025,-0.1068726195838961,-0.11387265195581381,-0.10851643059916041,-0.1078046734164693,-0.11074898612180725,-0.10444363808357597,-0.06660749832536947
51,1.52,-0.10065221486673834,0.08948735958580536,-0.10931391775781282,-0.1045910356353906,-0.10720858993162694,-0.10780699173550116,-0.10783122765567796,-0.11481385292988598,-0.10955615777626007,-0.10883351496573308,-0.11179739308770549,-0.10547057268198066,-0.06753825326620455
52,1.54,-0.10155926047888986,0.08883130794528807,-0.11028478396011285,-0.1055840120788275,-0.10823085186391647,-0.1088352715549595,-0.10878488202488082,-0.11575066920997816,-0.11059119090344169,-0.10985683331226,-0.11283939071917078,-0.10649319000099862,-0.06846478116747058
53,1.56,-0.10246136880481158,0.08817075613354228,-0.11124985255320084,-0.10657104861049693,-0.10924674965777223,-0.10985853498057156,-0.10973312826347768,-0.11668074468076045,-0.11162024397179633,-0.11087471615251297,-0.11387683681337525,-0.10750989539495202,-0.0693881295078025
54,1.58,-0.10335860892086093,0.08750909435076422,-0.11221024402189747,-0.10755275265238726,-0.11025759055416584,-0.11087582242617228,-0.11067619572983062,-0.11760657196040598,-0.11264355050163949,-0.11188697795119981,-0.11490893533914352,-0.10852169691832941,-0.07030780790467947
55,1.6,-0.10425084891097652,0.08684397005445553,-0.1131646684777886,-0.10852942900261527,-0.11126252999413566,-0.11188814242217256,-0.11161448140663702,-0.11852563055272344,-0.11366078434342568,-0.1128939221442994,-0.11593526248979263,-0.10952813738094799,-0.07122318830517495
56,1.62,-0.10513826586244278,0.08617473027601852,-0.11411271403240221,-0.10949969045709976,-0.1122620549636671,-0.11289442418625799,-0.1125470850701852,-0.11943999776290899,-0.1146728556478456,-0.11389509138427287,-0.11695562174813781,-0.11052904682962415,-0.07213510123173357
57,1.6400000000000001,-0.10602028427927258,0.08550324055941291,-0.11505679015458846,-0.1104648818626093,-0.11325566791684763,-0.11389553562390496,-0.11347416150096236,-0.120349137335448,-0.11567936051558063,-0.11489053069996291,-0.11797102764251145,-0.1115247949563971,-0.07304234631295586
58,1.66,-0.1068970255473316,0.08483143386638503,-0.11599441499862571,-0.11142344735067954,-0.1142433408886672,-0.11489040280512633,-0.11439560599218943,-0.1212526298893393,-0.11667916841172113,-0.11588013618425456,-0.118981458402933,-0.11251504272691004,-0.07394570121075654
59,1.68,-0.10776895941677099,0.08416041179891273,-0.11692676580302422,-0.11237687502589283,-0.11522549974509255,-0.11587918161762814,-0.11531240045026281,-0.12215001492595771,-0.11767368921845747,-0.1168645741110907,-0.11998534879874534,-0.11349979199122594,-0.07484474791001627
60,1.7,-0.10863552501448964,0.0834875875730309,-0.11785319349256614,-0.1133243725779015,-0.11620175132049564,-0.11686244025272666,-0.11622306279759227,-0.12304275805765265,-0.11866207277047988,-0.11784269325064602,-0.12098398278739186,-0.11447911381605325,-0.0757395663262744
61,1.72,-0.10949660330725534,0.08281070569432572,-0.11877391719636554,-0.11426617187549767,-0.11717233154552628,-0.11784014175309947,-0.11712862705297444,-0.1239300154992493,-0.11964483763367972,-0.11881513226444555,-0.12197705161031513,-0.11545232322123268,-0.07662935491670737
62,1.74,-0.11035269871608805,0.0821309192701044,-0.11968866507299493,-0.11520204903298624,-0.11813620286203173,-0.11881173086873127,-0.11802852829279246,-0.12481041515835847,-0.12062085648424703,-0.11978154464146015,-0.12296374505975484,-0.11641980233962604,-0.07751480069157746
63,1.76,-0.11120321610918295,0.08145517719159934,-0.12059819761295278,-0.11613190818933569,-0.11909512421440452,-0.11977693367798867,-0.11892286996783963,-0.1256855042734146,-0.12159176705733514,-0.1207419167387282,-0.12394584322407323,-0.11738226882023806,-0.07839655491774597
64,1.78,-0.11204829194720875,0.0807753050727182,-0.1215014549039391,-0.11705609119975048,-0.12004747082112524,-0.12073702863668753,-0.11981151425013387,-0.12655574663133398,-0.12255601037523756,-0.12169706815208009,-0.12492043521263621,-0.11833848095105987,-0.07927309051895179
65,1.8,-0.11288842040167596,0.08009646010402312,-0.12239911634509183,-0.11797415253304516,-0.12099441719004164,-0.12169084729051026,-0.12069457746492884,-0.12741928493509247,-0.1235149747482632,-0.1226458839809099,-0.1258901497774606,-0.11928961485809733,-0.08014501112555084
66,1.82,-0.11372250559345783,0.07941775472660145,-0.12329065006275187,-0.11888598533010859,-0.12193496241805424,-0.12263832498790027,-0.12157218903173059,-0.12827757116090507,-0.12446705894424154,-0.12358872481614964,-0.1268546793514467,-0.12023452531032752,-0.08101245551131357
67,1.84,-0.1145513130614419,0.07873936697220461,-0.12417686646509106,-0.11979252357893425,-0.12286945819583986,-0.12358011718068657,-0.12244379443158546,-0.12913058841506875,-0.1254134299519531,-0.12452549889771679,-0.12781190065333572,-0.12117374461526755,-0.08187478862729841
68,1.86,-0.11537500706260886,0.07806342101017887,-0.1250569497623367,-0.12069257340883488,-0.12379832590422073,-0.12451639843988739,-0.12330965337507555,-0.12997778899493515,-0.12635385359104567,-0.1254569038618705,-0.12876452018238493,-0.12210670423517545,-0.08273294869260521
69,1.8800000000000001,-0.1161929236031928,0.07738540746005436,-0.12593084065193863,-0.12158657478120644,-0.12472052527761605,-0.1254457606815106,-0.1241700114296734,-0.13081783587176848,-0.12728807954682553,-0.12638174667700922,-0.12971032806456773,-0.12303450787987412,-0.08358584571932604
70,1.9000000000000001,-0.11700577835351975,0.07670733426679019,-0.12679947707131942,-0.12247493640909896,-0.12563740049747207,-0.12636967365948748,-0.12502479149264892,-0.13165346757819074,-0.12821623309611566,-0.12730047342886383,-0.1306509593715458,-0.12395596698528799,-0.08443408892665641
71,1.92,-0.11781256393400358,0.0760308314918693,-0.12766160721532577,-0.12335746910323304,-0.12654796479278724,-0.1272869875892684,-0.12587365505148615,-0.13248308015984778,-0.1291379094396174,-0.12821369191668097,-0.13158489733812248,-0.12487179912267973,-0.08527708052007076
72,1.94,-0.11861423398651452,0.07535482482892729,-0.128517959857896,-0.12423328991350113,-0.1274526954642731,-0.1281988610404766,-0.12671672732563757,-0.13330726712488045,-0.1300538970758947,-0.12912048962524392,-0.1325129713246857,-0.12578202577044206,-0.08611529751805272
73,1.96,-0.11941008909949946,0.07467968812964428,-0.1293692569866146,-0.12510371926542255,-0.12835091709448487,-0.12910461524207717,-0.12755441186304087,-0.13412446656494867,-0.13096373495574123,-0.13002114342509896,-0.13343549793293216,-0.12668586169231472,-0.08694889118694998
74,1.98,-0.12020064490502276,0.07400605591968946,-0.1302141329084977,-0.1259679775918514,-0.12924309567266362,-0.13000436397046317,-0.12838631531395361,-0.13493648612599465,-0.13186756490634058,-0.13091607534510233,-0.13435177006541543,-0.1275844316408935,-0.08777723496315816
75,2.0,-0.12098563253303354,0.07333483458895364,-0.13105312020635296,-0.12682621643057193,-0.13013010740649966,-0.1308974298830276,-0.12921213817024318,-0.13574328929028004,-0.1327652246020408,-0.13180527923944652,-0.13526305467730118,-0.12847705174158616,-0.08860066873465508
