,nu_factor,USA,EUR,JAP,CHN,BRA,IND,CAN,KOR,RUS,MEX,ROW,pop_weighted,negishi
0,0.5,-0.0005600088803289202,-0.0006207493479064533,-0.000627488691941173,-0.0005033524802822162,-0.000479079044409947,0.027005853034576522,-0.000549111612995481,-0.0007917653541248197,-0.0005496218949183481,-0.0005001226540207844,-0.0005215230829274947,0.007167655676321162,0.0013704315728405084
1,0.52,-0.0005699663957207462,-0.0006294385018726163,-0.000637500164138634,-0.0005129769055161654,-0.0004906912011408077,0.02699575440965614,-0.000559006388373725,-0.0008019899263127776,-0.0005606465042302672,-0.0005097518251167393,-0.0005297185442847986,0.007149536540310331,0.001364243593779336
2,0.54,-0.0005799779200870785,-0.0006394608812779248,-0.0006476908550316185,-0.0005238801301648398,-0.0005017258085115462,0.026981900487625426,-0.000570081917987716,-0.0008099302816312559,-0.000571411196182969,-0.0005233725790866995,-0.0005420163205366737,0.0071318233552750045,0.0013568135947447954
3,0.56,-0.0005900519701144333,-0.0006497697572867396,-0.0006577973523336034,-0.0005346902585379608,-0.0005139405533383253,0.026969031275448207,-0.0005794247664910904,-0.0008187514993963555,-0.0005823912599880465,-0.0005348853335597971,-0.0005523146497458371,0.007113394474396663,0.0013496897527528833
4,0.58,-0.0006005157951114898,-0.0006600108716517864,-0.0006688579808320251,-0.0005457161570188146,-0.0005263403832136513,0.02695456519407552,-0.000591081783419338,-0.0008290391582864953,-0.0005937169202444251,-0.0005487270138831482,-0.0005636652618615734,0.007094624734241381,0.0013420626421751583
5,0.6,-0.0006110636558166712,-0.0006697483295406241,-0.0006788011051847978,-0.0005572167275444819,-0.0005384515746371931,0.026940329112311052,-0.0006009277203474354,-0.0008385265555071859,-0.0006061173604482367,-0.0005610402246805274,-0.0005747903874710527,0.007077054728200193,0.0013340921023262033
6,0.62,-0.0006213009007395473,-0.0006795681398850842,-0.0006910129291999048,-0.0005678879718021351,-0.000551673048709942,0.026926646607127607,-0.0006119172200519612,-0.000847152386742506,-0.0006175943017868205,-0.0005727493285926048,-0.0005870300091079888,0.0070610388785104046,0.001325915785482399
7,0.64,-0.0006332299966102106,-0.0006900709302121085,-0.0007015252922782725,-0.0005787256191473593,-0.0005635062236595762,0.026917479417192115,-0.0006228411699782451,-0.0008579795823360637,-0.0006303550798682863,-0.0005853128601283414,-0.0005976358315796185,0.007043522453727792,0.0013166329040859208
8,0.66,-0.0006438168187316195,-0.0007008129583813994,-0.0007130718000971333,-0.0005913650241777778,-0.0005759843993954018,0.026907089256791774,-0.0006337699518688269,-0.000867719690859451,-0.0006419014321267122,-0.0005983812762806741,-0.0006096784683323368,0.007027728872245298,0.00130801278015953
9,0.6799999999999999,-0.0006543734481079972,-0.0007123427019721552,-0.0007246148216763325,-0.0006035902162833772,-0.0005879554662627614,0.026898605177067488,-0.0006446901511844253,-0.000877829591266367,-0.0006545515991695042,-0.000610814548896991,-0.0006214297999136776,0.007013626870673306,0.00129914834540897
10,0.7,-0.0006653985029412172,-0.0007227400870515389,-0.0007357414076701437,-0.0006161992802767048,-0.0006014589753608028,0.026891210626544468,-0.000656463991891913,-0.0008876024129406933,-0.0006669064207704243,-0.0006229643553492172,-0.0006334554148625527,0.006997848649633295,0.0012900515511076445
11,0.72,-0.0006773813910253717,-0.0007340561948134071,-0.0007474971044914695,-0.0006274930717179085,-0.0006139066803469936,0.026888652666274625,-0.0006677604354299431,-0.0008983653484840497,-0.000679640001064561,-0.0006364735502521191,-0.0006457657355560703,0.006983527214262332,0.0012806954726129088
12,0.74,-0.000688054386875459,-0.0007455768746541322,-0.0007593925751806207,-0.0006395426258135171,-0.0006269269837254911,0.026885570581310605,-0.000679931777562122,-0.0009089920960060898,-0.0006930295222109537,-0.0006495274681461105,-0.0006584787527132774,0.006971214638093036,0.001271974813723426
13,0.76,-0.0006993293431606996,-0.0007574175317295244,-0.0007716693213562127,-0.0006518774927566435,-0.0006400509823050567,0.026884781580676954,-0.0006913861179951926,-0.0009202900231958543,-0.0007052582044699552,-0.000662365671756932,-0.000670883843774118,0.006958600741748337,0.001262960900748795
14,0.78,-0.0007112564599258792,-0.000768591047085247,-0.0007838133215377841,-0.0006643715867074926,-0.0006531147837702043,0.026886120372831425,-0.0007039377043216726,-0.00093130051332316,-0.0007186279521948475,-0.0006756871970802455,-0.0006839202444105172,0.006946856953020245,0.0012536549952037181
15,0.8,-0.0007232622039968132,-0.000780315271067324,-0.0007959539463116654,-0.0006770814107685063,-0.000666402134655076,0.026890157241898423,-0.0007155934029644759,-0.0009426598925617997,-0.0007318548012526439,-0.0006890351097025286,-0.0006964735140755163,0.006934953560318101,0.0012436876743005063
16,0.8200000000000001,-0.0007351358108539192,-0.0007923488976581514,-0.0008079702786851038,-0.0006897309744501312,-0.0006806402300175539,0.026894803338098572,-0.0007275383792890176,-0.0009537137670192307,-0.0007447252126257753,-0.0007023205994962471,-0.0007095291888949508,0.006924995424146812,0.0012343596041674754
17,0.8400000000000001,-0.0007472333494730956,-0.000804338938382719,-0.0008207411090156428,-0.0007029269302463457,-0.0006929913604450352,0.0269025503512361,-0.0007398718439518064,-0.0009651731917023363,-0.0007579577887762446,-0.000715740796670117,-0.0007225810129377465,0.006914772356641567,0.0012252341038264314
18,0.86,-0.0007589633142674414,-0.00081633088269048,-0.0008325615541155518,-0.0007160803422634828,-0.0007065571053722574,0.02691238643882752,-0.0007519249241126123,-0.0009771267416131607,-0.0007714360576453634,-0.0007293809599546819,-0.0007355477931616638,0.006905615654928642,0.0012154188246043445
19,0.88,-0.0007708279507881922,-0.0008282009778901149,-0.0008456504103155231,-0.0007280146503763997,-0.000719972259368864,0.02692390114032203,-0.0007647915231583803,-0.0009884238164246395,-0.0007848266040197484,-0.0007427008941059159,-0.0007487857322118937,0.006897034834333175,0.0012056824165441538
20,0.9,-0.0007832607645936936,-0.0008411921628668672,-0.0008581540479442141,-0.0007417270669456351,-0.0007337889976817211,0.026936238933710895,-0.000777463331208055,-0.0010009904179672786,-0.0007986388650134131,-0.0007561893604195817,-0.0007624195004443954,0.006888693929990343,0.001196035633830752
21,0.9199999999999999,-0.0007957677690284473,-0.0008533629006056836,-0.0008711820056530538,-0.0007546071843523294,-0.0007473999958146947,0.026952635344866017,-0.0007898765799664841,-0.001012437758180777,-0.000812298706155396,-0.0007703794713015,-0.0007759077787694902,0.006880965173033225,0.0011863324480088293
22,0.94,-0.0008079679559876062,-0.0008658641638841033,-0.0008842897241471234,-0.0007676794719682151,-0.0007609400494006356,0.02696721862470484,-0.0008025806567210002,-0.00102443546794447,-0.0008258488218392737,-0.0007839529647038784,-0.000789601138991909,0.006873534286826815,0.0011767981938519314
23,0.96,-0.0008202648371111061,-0.0008787323979272433,-0.0008969448754030216,-0.0007810657554189755,-0.0007749104849498794,0.026985943951216233,-0.0008153343229337676,-0.0010364705745743482,-0.0008395791084618568,-0.0007977115709380608,-0.0008028940157343762,0.0068663806294432745,0.0011669005510351145
24,0.98,-0.0008326965095666429,-0.0008912043650512836,-0.0009101032561073271,-0.0007944198073239255,-0.0007887146008043317,0.027003850529311136,-0.0008281655718276269,-0.00104901024506613,-0.0008537248251395628,-0.000811476483541526,-0.0008167266439629019,0.006860091682843158,0.0011571550964711566
25,1.0,-0.0008451693248541716,-0.0009041328981381285,-0.0009230419647045685,-0.0008076716402821422,-0.0008025493815901615,0.027024618019494025,-0.0008410048044081486,-0.001061538602052185,-0.0008675092282139891,-0.0008255559711704594,-0.0008307137474450299,0.006854233656797257,0.001147174199361073
26,1.02,-0.000857578642711801,-0.0009167716623042834,-0.0009364056519377026,-0.000821186665497248,-0.0008165133820467657,0.027045828888484457,-0.0008540951225407448,-0.0010735311638707906,-0.0008811546548774835,-0.0008393708641331418,-0.0008442188524030378,0.006848531113771646,0.001137725749621973
27,1.04,-0.0008701139031921261,-0.0009298996488134397,-0.0009495225343907641,-0.0008350866282987322,-0.0008303895442737368,0.027068633533094997,-0.0008673313266426902,-0.001086042893265595,-0.0008951316285238574,-0.000853507298192403,-0.0008584396838688641,0.006842672162362649,0.0011280091915377684
28,1.06,-0.000882897647877302,-0.0009427190863393676,-0.0009626435649787303,-0.0008481553030589982,-0.0008444620436823684,0.027091841415899733,-0.0008799192323094674,-0.00109879298640527,-0.0009095639666576943,-0.0008674507102232926,-0.0008720670342119814,0.006838096556414573,0.0011180755219220085
29,1.08,-0.0008956569339204463,-0.0009558467192786219,-0.0009763211846957516,-0.000861925959485302,-0.0008584217499054234,0.02711708576457183,-0.0008931544940170942,-0.0011117617794100432,-0.0009233438426955206,-0.0008817542741216399,-0.0008862423373059896,0.006833059582903141,0.0011084534556414175
30,1.1,-0.0009084049985382873,-0.0009686900358689146,-0.0009893705964981064,-0.0008752923515862475,-0.0008723619891399607,0.0271428303607661,-0.000906205135809186,-0.0011242267401643477,-0.0009374418250710055,-0.0008955727641989634,-0.000900510027557373,0.006828940706950909,0.0010986548277940815
31,1.12,-0.00092117132785215,-0.000981856183025778,-0.001002618689898729,-0.000889021629409947,-0.000886633128299942,0.027168640593658058,-0.0009195219990503465,-0.0011367986867153622,-0.0009517868094188751,-0.0009099420391130617,-0.0009145864342553368,0.0068249410540299,0.0010890374961933802
32,1.1400000000000001,-0.0009341628572810789,-0.0009951008208515413,-0.0010162359173304023,-0.0009026496489166825,-0.000900852435944433,0.02719686090230535,-0.0009328620165397231,-0.0011496242775446098,-0.0009660058017707067,-0.000923934505064869,-0.0009285934970831456,0.006821044884193822,0.0010792510007697253
33,1.1600000000000001,-0.0009468665127278757,-0.00100825395082131,-0.0010297105205729162,-0.0009165060077454809,-0.0009144727189322745,0.0272246606698104,-0.0009457416470942957,-0.0011627218565691023,-0.0009801764070427993,-0.0009381006229538651,-0.0009429266103677884,0.006817149585788636,0.0010692446784527178
34,1.1800000000000002,-0.0009596729054124761,-0.0010213870370204227,-0.0010428624307028682,-0.0009300000857609854,-0.0009288934689534241,0.027254015255562095,-0.0009595710611956487,-0.0011755563127088325,-0.0009944955849596105,-0.0009522376291073773,-0.0009572108713536641,0.006813551283090583,0.0010596692822809827
35,1.2000000000000002,-0.0009725197763673208,-0.00103461749682644,-0.0010567461522552049,-0.0009439194702204099,-0.0009430139893995326,0.02728314539405618,-0.0009724097606042845,-0.0011886263548698361,-0.0010090457659075079,-0.0009666565664645369,-0.0009713661334725458,0.006810569955269696,0.0010494376141803455
36,1.22,-0.000985615560662217,-0.0010482483786967882,-0.0010700483756982421,-0.0009575383080488004,-0.0009575117427391478,0.027313517439068163,-0.0009859760853242142,-0.0012014412352104595,-0.0010230774497330692,-0.0009809332317831708,-0.0009855484457748271,0.006807392438258151,0.0010397062846931157
37,1.24,-0.000998623479890402,-0.00106133742150907,-0.001083731960945053,-0.0009714126426879577,-0.0009715276956501263,0.027344470750504606,-0.000999205914501905,-0.0012142423516566972,-0.0010375395928935735,-0.0009952338618813882,-0.0009999669427716625,0.006804422857508028,0.0010300731123350474
38,1.26,-0.001011253063668456,-0.0010747906495780018,-0.001097368663149717,-0.0009851782983860303,-0.0009856874747417035,0.027375259910028444,-0.0010127073667787574,-0.0012273214506434214,-0.001051822148004666,-0.0010093396454600061,-0.0010144139185962239,0.006801549000056542,0.0010201476219209452
39,1.28,-0.0010243782067805886,-0.0010880701734978656,-0.0011109162859959034,-0.0009988237906369353,-0.0010001412940211743,0.027406890079669097,-0.0010261090063711864,-0.0012403699003967386,-0.0010664142611559193,-0.0010236269040700885,-0.0010286996581588739,0.006799655749310152,0.00101052998668279
40,1.3,-0.0010374334193485565,-0.0011013895740471322,-0.0011243478106531446,-0.001012828383206325,-0.0010141373413466443,0.027438510532739196,-0.0010394547479856743,-0.0012535175872565691,-0.0010805400156494074,-0.0010378916094276743,-0.00104299990118385,0.006797058656451694,0.001000542245171618
41,1.32,-0.0010501922990508135,-0.0011145845926100045,-0.0011380121081693566,-0.0010266252443190448,-0.0010282242180317252,0.0274724079567107,-0.0010528231476634908,-0.0012665535096424744,-0.001094811587686297,-0.0010521671266010574,-0.0010573115929751462,0.006794513451965484,0.0009907130149697451
42,1.3399999999999999,-0.001063392289010367,-0.0011282203718600283,-0.0011516358517640098,-0.0010402444365775,-0.001042693750549434,0.027504698908285632,-0.0010660601605764783,-0.0012796591259847773,-0.0011092152553911535,-0.0010664793222756978,-0.00107185893929968,0.006792574735940215,0.0009809151122396147
43,1.3599999999999999,-0.0010762098485859516,-0.0011415387272255266,-0.001165136869357612,-0.0010541327601296209,-0.0010566776387431693,0.027537388371976498,-0.001079719692317917,-0.0012928213594010879,-0.0011237236913501196,-0.0010808193155721674,-0.0010860590182207375,0.0067906595305716015,0.000971065589077935
44,1.38,-0.0010893061644614327,-0.0011552284024246703,-0.001178741548648943,-0.0010679559647590257,-0.001071119690695042,0.02756988591494838,-0.0010930132744798626,-0.0013058435893291247,-0.001138147091790778,-0.0010947893741980904,-0.0011005073914657167,0.006788517416589641,0.000961511746778595
45,1.4,-0.001102225953692777,-0.0011684707450781442,-0.0011923189238368277,-0.0010816504554073422,-0.0010853465503535148,0.027605298886091707,-0.0011063491971214175,-0.0013190849369033109,-0.0011523767447417942,-0.001109131721803039,-0.001114955558271634,0.006786865516589319,0.0009514297252358806
46,1.42,-0.0011152450380056045,-0.001181852162416145,-0.0012058413664074357,-0.0010954331072333995,-0.0010993399312174406,0.02763798600687125,-0.001119786495191096,-0.0013321911301137682,-0.0011669216069592886,-0.00112362275744354,-0.00112926835803858,0.006785030159097414,0.0009418458588694265
47,1.44,-0.0011283172561633475,-0.0011953090117272835,-0.001219494543653485,-0.0011092923470483343,-0.0011136811776420253,0.02767212243429067,-0.0011333237278732694,-0.0013452257612663482,-0.0011811066209897873,-0.0011377667800306925,-0.0011437109140458293,0.00678330778940291,0.0009321400920431294
48,1.46,-0.0011409399053952558,-0.0012087710507014033,-0.0012328887347095119,-0.00112307128189607,-0.0011278077181522423,0.027706460871622134,-0.001146704620468979,-0.0013585504727185367,-0.0011954987424288748,-0.0011520779140494477,-0.0011581316908610489,0.0067815335106062346,0.0009222681524378401
49,1.48,-0.001154011666849582,-0.0012221235725058297,-0.0012465591273820413,-0.0011366108979602235,-0.0011420846314557993,0.027740923403172545,-0.0011600408262761144,-0.0013715513699220235,-0.0012097178039377921,-0.0011663918230822876,-0.0011723938583084147,0.006779991050489982,0.0009122743751645891
50,1.5,-0.0011669535432112237,-0.0012354679416876277,-0.0012601627422649663,-0.001150521872092257,-0.001156240121173747,0.027774967842894172,-0.0011734575523061788,-0.0013846507604922942,-0.0012240891923147972,-0.0011803737030110218,-0.0011868033142205078,0.006778602766634756,0.0009023417367979607
51,1.52,-0.0011798370201986134,-0.0012491032292686185,-0.0012736519413082783,-0.0011640140528467644,-0.0011702131094710184,0.02780975227977708,-0.0011869295822427752,-0.0013977083123589012,-0.0012383981276715245,-0.001194633306184179,-0.0012011861868025389,0.006777416781104151,0.0008928372502076423
52,1.54,-0.001192671875281831,-0.0012622496664409849,-0.0012871466194593396,-0.0011780153887539328,-0.0011844358454662172,0.027843062955592877,-0.001200149787360414,-0.0014109153591797445,-0.0012527001706730896,-0.0012087658489101272,-0.0012154938114432544,0.006775795546422279,0.0008830591701863386
53,1.56,-0.001205288704351456,-0.0012756172777796328,-0.0013007468250871698,-0.0011914926651242525,-0.0011984673948483393,0.027878726808429705,-0.0012135252089339043,-0.001424052259899636,-0.0012671382012780484,-0.0012228471902758222,-0.0012298012165274255,0.006774260256364735,0.000873164253397337
54,1.58,-0.0012182712050819867,-0.001289038745843979,-0.0013142760919740658,-0.0012049705785741193,-0.001212496905343666,0.027912575419712937,-0.001226671856717122,-0.0014369739483273435,-0.0012811801481355668,-0.0012371325326583184,-0.0012440496213276416,0.006772830087486081,0.000863568577340269
55,1.6,-0.0012312118238426667,-0.001302178212085315,-0.0013277629147317401,-0.0012188753499434743,-0.0012266749668936256,0.02794748846193838,-0.00124014094889684,-0.0014499894104947936,-0.0012956021050940915,-0.0012512380032237086,-0.0012583933993402501,0.006771800919260237,0.0008536455118110001
56,1.62,-0.0012438660662075858,-0.00131572187241972,-0.0013412539519428676,-0.0012325415037339282,-0.0012406579885593978,0.02798238523917418,-0.0012532211485478306,-0.0014631019557921844,-0.0013099084603066075,-0.001265498515330853,-0.0012727705469370069,0.006770636098206346,0.0008440300391080371
57,1.6400000000000001,-0.0012565020724768952,-0.0013289276488231765,-0.0013546391875433551,-0.001245953778507732,-0.0012547924078164206,0.02801660050085451,-0.0012664962027179342,-0.0014760114025985486,-0.0013239968105795187,-0.0012792647559396017,-0.0012868537885312606,0.006769180573965984,0.0008344659479694253
58,1.66,-0.001269266711097847,-0.0013422021636712305,-0.0013679977340567688,-0.0012594354341386896,-0.0012686370626686083,0.02805100575072616,-0.0012795910308128996,-0.001489126106861456,-0.0013380190507211586,-0.0012934098969103732,-0.001301144638234845,0.0067679853177731964,0.0008246318629229252
59,1.68,-0.0012821781452672576,-0.0013554128269603772,-0.0013813494612428387,-0.0012730762594045137,-0.00128263758086205,0.0280855620364046,-0.0012929645165470928,-0.0015019933147734329,-0.0013521923317875615,-0.0013074022497937857,-0.0013151949626045451,0.006766907453325118,0.0008150420078452951
60,1.7,-0.001294795028699169,-0.0013686282941725158,-0.0013946566933706126,-0.001286488104656044,-0.001296420815620409,0.02812049131446016,-0.0013059885558705008,-0.00151504754942236,-0.0013664146879348862,-0.0013214005088557578,-0.0013294638303757373,0.006765870680486339,0.0008052962514502251
61,1.72,-0.0013074735055477048,-0.0013817640996041582,-0.0014078941622558787,-0.0013000212864877204,-0.001310429396291422,0.02815485482656824,-0.0013191442565656985,-0.001527784758356103,-0.0013804422958792145,-0.001335325073172308,-0.0013435624226926343,0.006764805104323435,0.0007956354013770163
62,1.74,-0.0013199511519393686,-0.0013949722334556881,-0.0014212767367708392,-0.0013134159077541512,-0.0013242686897491336,0.02818907076743309,-0.0013321683478429373,-0.001540787801235592,-0.0013944688230720446,-0.001349091150823222,-0.001357745181247355,0.006763619122147463,0.0007857447159006581
63,1.76,-0.0013324288327375429,-0.0014080628732031399,-0.0014343180825259472,-0.001326634908471895,-0.0013381034652879707,0.028223021571127035,-0.0013452169905307611,-0.0015535431815807052,-0.0014085407174851997,-0.0013631443707588173,-0.0013716929064783825,0.006762482206493795,0.0007763060425134265
64,1.78,-0.0013451085324794729,-0.0014211676319201643,-0.0014476204617874682,-0.0013402569076994813,-0.0013517697027292529,0.02825735227396099,-0.0013581526734624903,-0.0015663205890597634,-0.0014224182998408858,-0.0013769495687840365,-0.0013859061502334723,0.006761550267109464,0.0007667374491969186
65,1.8,-0.0013576032115990469,-0.001434144817748016,-0.001460796868922711,-0.0013534209732624682,-0.0013655924339250754,0.028290501338268874,-0.0013711744450528008,-0.0015792299515271693,-0.0014364141204274525,-0.0013908202264854485,-0.0013998016187275497,0.006760028910570402,0.0007571495830736359
66,1.82,-0.0013700449503673178,-0.0014471378435160804,-0.0014739453097151996,-0.001366746593304579,-0.0013794033588709349,0.028326359736525326,-0.0013842713307000935,-0.0015919742296225297,-0.0014503579279181707,-0.0014045466043994311,-0.0014137949872051318,0.00675895792174732,0.0007478877310223024
67,1.84,-0.0013825397964874913,-0.0014603433433772101,-0.0014871196002479417,-0.001379945566680776,-0.0013929292097074504,0.028358991326315367,-0.0013971781936635464,-0.0016046467405111944,-0.0014643942713314128,-0.0014182461674705446,-0.0014277233271631038,0.006757997710189366,0.0007381147569271352
68,1.86,-0.0013948258421407182,-0.0014731354261361053,-0.0015001966107594876,-0.0013931780064094315,-0.0014065555627348568,0.02839274082930146,-0.0014099841708035178,-0.0016172855062256423,-0.0014781426205977854,-0.0014319015383036616,-0.0014417441683360326,0.006756956862415534,0.0007285601351483032
69,1.8800000000000001,-0.001407215214759336,-0.0014860162187705654,-0.0015131100189594215,-0.0014063995982814702,-0.0014201293044232156,0.02842591445005188,-0.0014229791087564032,-0.001629991512540267,-0.0014918753948540754,-0.001445613811741814,-0.0014555406357092495,0.006755730032228356,0.0007189049712670281
70,1.9000000000000001,-0.001419580821511008,-0.0014989714925972575,-0.0015260484737226329,-0.0014196191602554142,-0.001433862682771811,0.028459279860260447,-0.0014357361998792277,-0.0016425115141633316,-0.0015055202420259193,-0.0014592512365692117,-0.0014693434235154101,0.006754570345141907,0.0007095405012824657
71,1.92,-0.0014317990979080262,-0.0015117471338181067,-0.0015390506077111424,-0.0014325550786997068,-0.0014473296190825981,0.028492016329351614,-0.0014484830145945638,-0.0016552151681048434,-0.001519490058387001,-0.001472723904660559,-0.0014830767123210624,0.006753702158870855,0.0007001314832105734
72,1.94,-0.0014440998944493964,-0.001524708894347204,-0.0015518058598489965,-0.0014455597829835642,-0.0014607355563922356,0.028525634499161016,-0.0014612455797071693,-0.0016676810066982514,-0.001533251293106542,-0.0014863814628445636,-0.001496934356921153,0.006752643357693904,0.0006905030431239393
73,1.96,-0.001456236172476792,-0.001537421550666134,-0.0015648236944313517,-0.0014586286779885045,-0.0014742514327813992,0.028558627988067128,-0.0014739209797965248,-0.0016802588023990344,-0.0015466635076259445,-0.0014998356044493536,-0.001510643203513882,0.0067515516824725695,0.0006811251470309065
74,1.98,-0.0014684577122022929,-0.0015501481549972881,-0.0015776145573504305,-0.0014714975673036344,-0.0014875376190919118,0.02859164399276565,-0.0014864870473501233,-0.0016925788626294541,-0.0015602296570447042,-0.001513251334625984,-0.0015243149315460865,0.006750162780590402,0.0006717821052489603
75,2.0,-0.0014804550253449378,-0.001562727913675503,-0.0015905101507194658,-0.0014844316024215662,-0.0015009074412638908,0.028624075694579157,-0.0014990721881097285,-0.0017049902484903884,-0.0015738999477019305,-0.0015265522949630182,-0.001537896296512912,0.006749286156552767,0.0006622361501260212
