,nu_factor,USA,EUR,JAP,CHN,BRA,IND,CAN,KOR,RUS,MEX,ROW,pop_weighted,negishi
0,0.5,-0.00030168523287373987,-0.00037475872543698635,-0.00034078667333848185,-0.0002722909372666396,-0.0002599058540596938,-0.0002700071520181646,-0.00029668320563684176,-0.00039205877194335275,0.02492677524043714,-0.00027758385103848526,-0.0002968033961180029,-6.627395360133705e-05,0.0004336240621120335
1,0.52,-0.0003077630248317478,-0.0003780705731818757,-0.00034491679426983465,-0.00027807773648905003,-0.0002666752616765173,-0.0002762998882262676,-0.000302449208694561,-0.00039668060345057917,0.024955905723466613,-0.000282937402874132,-0.0003022326032907936,-7.060519402812193e-05,0.0004307892577467748
2,0.54,-0.0003132111082745979,-0.0003823476766185359,-0.00034962683638605765,-0.00028382052078049165,-0.00027375596757528165,-0.00028197158071919837,-0.0003084569281474792,-0.00040081401051300143,0.024979693432235498,-0.00028942240958313104,-0.0003097288925696667,-7.689254735868267e-05,0.00042749810542818626
3,0.56,-0.0003191468251196377,-0.0003871745744617875,-0.00035635042151177906,-0.0002897149804639672,-0.00028069889877103504,-0.00028895848525215857,-0.00031473731687344956,-0.0004061416019311083,0.024999656128406215,-0.00029689129313958316,-0.00031426969132446636,-8.339587157546878e-05,0.0004241185970343652
4,0.58,-0.0003240498720524643,-0.0003917941187150516,-0.0003611988757587752,-0.0002954507695711203,-0.0002860383028623527,-0.0002948530461665234,-0.0003189653743248308,-0.0004116915929565662,0.025020126210807497,-0.0003036766275854839,-0.0003213821208617026,-8.917237103620273e-05,0.0004211426725113074
5,0.6,-0.000329998482023532,-0.00039625338523409826,-0.000367296989963313,-0.0003012303345234623,-0.0002929944334736137,-0.00030135008712841964,-0.0003253304838133164,-0.0004162297272480971,0.025035576525090638,-0.00031020388984065564,-0.0003271288710668725,-9.534223850990941e-05,0.00041714252940017947
6,0.62,-0.0003353657738592758,-0.00040146104173314736,-0.0003729995474006754,-0.0003080695738134635,-0.0002999329826389273,-0.0003075841105848401,-0.0003302935763338903,-0.0004214905394110299,0.025052754404001808,-0.00031540692002986117,-0.0003330296153036438,-0.00010210248135092226,0.00041307097691836145
7,0.64,-0.00034109463194130214,-0.0004055522463049493,-0.0003784232684502667,-0.00031358570290498727,-0.000305028605377132,-0.0003140940741331469,-0.000336666259558434,-0.0004268358709492423,0.025067869583419375,-0.00032188587558522195,-0.00033899249811373525,-0.00010757649194525709,0.0004079225352511329
8,0.66,-0.00034681204296331606,-0.00041031382215219695,-0.0003846973129410415,-0.00031985050798399726,-0.0003125409991428305,-0.000320729458813256,-0.0003427588309128655,-0.00043163976193501713,0.025082915851509704,-0.00032855176134269625,-0.00034543257724672043,-0.00011360827157626269,0.0004036249951291312
9,0.6799999999999999,-0.0003535059448283123,-0.00041610739112876434,-0.0003899129770228169,-0.00032620744552947607,-0.00031939043772475343,-0.00032728124934423614,-0.0003492228847530104,-0.0004372780493985803,0.02509899256776062,-0.0003358708968787734,-0.00035167059665929586,-0.00011996771746289134,0.00039947435065355814
10,0.7,-0.0003589979853111363,-0.0004208338407081186,-0.0003953789323068147,-0.00033260648048424077,-0.00032586214302622113,-0.0003333315606304606,-0.0003552921818231179,-0.0004429585449941137,0.025115970841475842,-0.00034170451321599446,-0.00035862992005071786,-0.0001265888185137758,0.00039463562052668907
11,0.72,-0.00036508463423320627,-0.00042697978075455017,-0.00040194978527239986,-0.0003386104032639266,-0.0003326863983089345,-0.0003395771334523255,-0.00036091685393355253,-0.0004489589623912198,0.02513182547130387,-0.0003481337285866344,-0.0003650265838476342,-0.00013281794174147587,0.00038981037116645904
12,0.74,-0.0003710951135150695,-0.00043245096615191766,-0.00040852741667802986,-0.0003449382855294201,-0.0003394383229795702,-0.0003467419503105482,-0.0003670540297400139,-0.0004534294199156765,0.0251508532128609,-0.00035577431213328607,-0.00037103612147179604,-0.00013884183570559398,0.0003862097211415344
13,0.76,-0.00037706361363213097,-0.00043718539801746906,-0.0004135814927996951,-0.0003516544361619254,-0.00034661380503357735,-0.0003536292703329573,-0.0003733766639830905,-0.0004592409017898822,0.02516926784150044,-0.00036226013840505726,-0.0003777253223014493,-0.00014577994766629295,0.00038024359160027734
14,0.78,-0.00038323390461003116,-0.00044328340902112246,-0.0004198029758935447,-0.00035807153512191413,-0.00035293155807629623,-0.000360122264297914,-0.0003796774389804345,-0.0004652250220435877,0.025187295100583276,-0.0003693243023437459,-0.00038479342573802163,-0.0001517387113059847,0.000376256378463042
15,0.8,-0.00038936464708378717,-0.00044866433044768743,-0.0004262231716859741,-0.00036466568668335484,-0.000359846356755721,-0.00036703348936128924,-0.000385769155356953,-0.0004712599237140179,0.025209241646921426,-0.0003756281707708116,-0.000391554340078759,-0.00015881918313350224,0.00037085339425442303
16,0.8200000000000001,-0.00039538824850361936,-0.00045487992446477583,-0.00043245204839563955,-0.0003709406124335694,-0.0003666610435479273,-0.0003734428319577112,-0.0003920667926892287,-0.00047697446785575714,0.02522999878206792,-0.000382330161794244,-0.00039851394056791367,-0.00016542955738147984,0.0003663126550024327
17,0.8400000000000001,-0.00040131832444651946,-0.00045978209864496014,-0.00043849334520773195,-0.00037739943871238385,-0.0003730438546072945,-0.00038055144897220834,-0.00039839041927261027,-0.00048320590802166524,0.02525220691350118,-0.0003894221370952726,-0.0004049104860308007,-0.0001719476741578392,0.0003613619062926368
18,0.86,-0.00040726981078965686,-0.0004658151043741092,-0.0004444231061304919,-0.00038413557561769367,-0.0003805643952433338,-0.00038765926916842317,-0.00040442997048987275,-0.0004889379437507076,0.025277719858184684,-0.00039681417163181277,-0.000412229523917798,-0.00017843984873911424,0.00035649742707498475
19,0.88,-0.0004139871024971041,-0.00047141076436536214,-0.0004512558999096356,-0.0003908351283691234,-0.0003877258872869451,-0.0003947550880643877,-0.00041107979572723254,-0.0004947467636689112,0.025302312325032793,-0.000403470016234252,-0.0004190924255364032,-0.0001851136769799283,0.0003518552826787056
20,0.9,-0.0004202192577712666,-0.0004776211346267927,-0.00045788033826669187,-0.0003974387214906992,-0.0003946821705728334,-0.00040122437600266525,-0.00041729810099497554,-0.0005005844776856753,0.02532831388386268,-0.0004101756159754665,-0.00042570236002772695,-0.00019168572049419827,0.0003465727888382431
21,0.9199999999999999,-0.00042638429580176197,-0.000483867991213933,-0.0004640405452869342,-0.0004044795974446427,-0.00040129394248762657,-0.0004083490674615611,-0.00042383760242731695,-0.0005071038820777552,0.02535572929489909,-0.00041711540928228864,-0.0004328613366113421,-0.0001983794729081957,0.00034063597775041985
22,0.94,-0.0004329386702052985,-0.0004901984551581246,-0.00047094895155582643,-0.00041109528441147017,-0.00040833733873700903,-0.00041552990105227797,-0.0004303239142581302,-0.0005133893278709268,0.025383112471262365,-0.0004240180708661127,-0.00043963742439231387,-0.0002049833365907019,0.000335735228324485
23,0.96,-0.00043910511611076626,-0.0004961257722570772,-0.0004776048649290069,-0.0004179817195030848,-0.0004155205513207824,-0.0004223364254380451,-0.0004371702800505083,-0.0005194860551093047,0.025411930424046544,-0.00043126528805637846,-0.00044687659182404726,-0.00021186712118810458,0.0003308929658171476
24,0.98,-0.00044564228493448334,-0.0005023733449822422,-0.00048394297934952374,-0.0004244506484097388,-0.000422465609574071,-0.00042940479258533735,-0.00044368860792976146,-0.0005258450099298594,0.025442630628436155,-0.0004384202114196602,-0.00045377415237395926,-0.00021849082437877355,0.00032583043528202867
25,1.0,-0.0004522229002560114,-0.000508726875152402,-0.0004903181827799611,-0.00043131457375425415,-0.00042944197275230804,-0.00043639022615870633,-0.00045010424779490276,-0.0005316847903372613,0.025472319438995937,-0.00044554208197976,-0.0004606976296881086,-0.00022509644695357725,0.0003205991490488414
26,1.02,-0.0004581221449682613,-0.0005149523588139862,-0.0004975030340415526,-0.00043847228940662906,-0.0004365774798877574,-0.0004437426684930272,-0.0004567541459220846,-0.0005387554633191523,0.025503235326428612,-0.0004524851240772882,-0.0004679170073540578,-0.00023195707922726733,0.0003154185535678274
27,1.04,-0.00046504705317050875,-0.0005215568576408512,-0.0005041413772514854,-0.0004454433432687352,-0.00044404354997766815,-0.0004505571904772268,-0.0004634449890113655,-0.0005447171725046085,0.025536542414082566,-0.00045965661281672485,-0.00047550099034205284,-0.00023854668851706843,0.000309805325025141
28,1.06,-0.0004714747969547408,-0.0005277496364720404,-0.000510514876680855,-0.00045213748833859235,-0.00045094806304356365,-0.0004581197207996332,-0.0004701151073930535,-0.0005510618510834205,0.02556966203000959,-0.0004665938414584437,-0.0004823163979734088,-0.00024567112020523475,0.00030485045696585487
29,1.08,-0.0004779118152076976,-0.0005343373544321401,-0.0005173061491847609,-0.0004590876254185744,-0.0004581214695285464,-0.0004652606948956014,-0.0004767235415539486,-0.0005578460145462704,0.025602465412727173,-0.000474153637024571,-0.0004892542035103102,-0.00025223309614862507,0.0002995605963283747
30,1.1,-0.00048444566226134127,-0.0005407324161752397,-0.0005238548314662828,-0.0004658680577105322,-0.0004652982994174453,-0.00047199132597776003,-0.0004837663792649217,-0.0005639218617160711,0.02563662691926322,-0.00048087983812481594,-0.000496555873516748,-0.00025915323239570265,0.00029398977936443457
31,1.12,-0.0004909636961635848,-0.0005473630091106818,-0.0005308283248987977,-0.00047309312978189953,-0.00047245630801705967,-0.00047966824622003214,-0.0004900964077954034,-0.0005706295899027719,0.025671441424761663,-0.0004880750100568966,-0.0005040268757582556,-0.0002660373089553472,0.00028906895676204374
32,1.1400000000000001,-0.0004974666262917874,-0.000553474111090562,-0.000537329209679493,-0.00047989002013004695,-0.0004796026408133564,-0.0004868065407195867,-0.0004970933746160744,-0.0005771679255904588,0.02570732211843164,-0.0004955822954459737,-0.0005110892771332922,-0.00027287652272495606,0.00028378068832840423
33,1.1600000000000001,-0.0005040628382891077,-0.0005601639028292274,-0.0005444679317127766,-0.0004867151601196917,-0.0004868476462810664,-0.0004940522329097113,-0.0005036584950299709,-0.0005836288369300927,0.02574325603411852,-0.0005028150341118087,-0.0005182642083945529,-0.000279719621101219,0.0002782207948982544
34,1.1800000000000002,-0.0005106015956005381,-0.0005667055252748005,-0.0005509383857986622,-0.0004938323255701403,-0.0004941324721570296,-0.0005008744004004756,-0.000510450833928092,-0.000590012515145525,0.02577881832221163,-0.0005099682575931036,-0.0005258002125078459,-0.0002867181908263864,0.00027309856330068354
35,1.2000000000000002,-0.0005170873350134305,-0.0005732698624812907,-0.0005578922806444716,-0.0005008541072113748,-0.0005015568103613077,-0.0005083101778295578,-0.00051741377414114,-0.0005967867129399739,0.025815710738611088,-0.0005171794795237335,-0.0005331074667790616,-0.00029362343874526084,0.00026766251048414855
36,1.22,-0.0005236858382047035,-0.0005801517653303321,-0.0005645826500842268,-0.0005078601722309735,-0.0005087600409616717,-0.0005156070204075519,-0.0005239767516479945,-0.0006030811972054008,0.025852193251484752,-0.000524137167326648,-0.0005402910465878477,-0.00030037872463064636,0.00026239055853568064
37,1.24,-0.0005300460329133679,-0.0005865645632535469,-0.0005714580728579497,-0.0005147462876460957,-0.0005157681025713967,-0.0005228303886569419,-0.0005307453415824958,-0.0006098384976795049,0.025889885260098774,-0.0005314726400328462,-0.0005476571809707917,-0.00030701747146573026,0.00025687603391569486
38,1.26,-0.0005367480922150428,-0.0005932776586026011,-0.0005783382386189586,-0.0005217970203814335,-0.0005231045566486084,-0.0005300438943940426,-0.0005375396588930603,-0.000616539807353237,0.025927164465801806,-0.0005388732720313546,-0.0005547173833834687,-0.0003140329760754688,0.00025170047938373957
39,1.28,-0.0005434671059221503,-0.000599784009537908,-0.0005851929520868692,-0.0005288594941090206,-0.0005302820536495154,-0.000537207806845382,-0.000544251826419152,-0.0006232158186621312,0.025964890714723157,-0.0005461872757299585,-0.0005621432476624306,-0.0003207746969769208,0.0002464012450614132
40,1.3,-0.0005499560510097176,-0.0006064844707257567,-0.0005919628363529837,-0.0005357393442678454,-0.0005375994303380676,-0.0005446661957897241,-0.0005510717564431052,-0.0006296049186625108,0.026002701022443866,-0.0005534276361728707,-0.0005695984119932805,-0.00032759731716362544,0.00024068277015245075
41,1.32,-0.0005564685378980013,-0.00061319946318018,-0.0005987020735829985,-0.0005427832739829711,-0.0005446895457845452,-0.0005517931054632054,-0.0005579819559001202,-0.0006361798718596783,0.026041309805391863,-0.0005604003365480031,-0.0005767617783977709,-0.0003348856935529673,0.00023542993038096647
42,1.3399999999999999,-0.0005630871548744948,-0.0006198774299779373,-0.000605629408192505,-0.000549937217990007,-0.00055208129462701,-0.0005588932873164745,-0.0005646075112892225,-0.000643013271098935,0.02607922589397436,-0.000567849819099313,-0.0005842442449815215,-0.0003414114177343934,0.0002301475464125085
43,1.3599999999999999,-0.0005696518185181427,-0.0006266028529300817,-0.000612570598539326,-0.0005567534936728805,-0.0005591437294471921,-0.0005662783439509567,-0.0005715580296975919,-0.000649638306498852,0.026117638070596364,-0.0005749805215508088,-0.000591509081092416,-0.0003483991198467704,0.00022497663677103322
44,1.38,-0.0005762787332934722,-0.0006333843444526357,-0.0006193603301040388,-0.0005638414159326661,-0.0005663898467980972,-0.0005736461052365206,-0.0005785106937441331,-0.000656068116539404,0.02615656473161024,-0.0005822986060049062,-0.000598654832784904,-0.0003551475805494979,0.00021932525479420638
45,1.4,-0.0005828305362712401,-0.000639796503112411,-0.000626302591053701,-0.0005707615332856988,-0.0005735322803918664,-0.0005806769416920159,-0.0005849684338840078,-0.0006628668007920361,0.026195700401771202,-0.0005894200113775052,-0.000606296919258796,-0.0003622038968332517,0.00021405286613362264
46,1.42,-0.0005894061771310471,-0.0006466942116358254,-0.0006330621083544395,-0.0005777060535959823,-0.0005809024946796242,-0.0005879405370193482,-0.0005919908046433497,-0.0006694548760376273,0.026234522704170274,-0.0005965660464358923,-0.0006135441438365437,-0.0003689577702768577,0.0002087612207700444
47,1.44,-0.0005961177659710514,-0.0006533328502554916,-0.0006397264846926437,-0.0005848117497792001,-0.0005881854143166041,-0.0005952540569945875,-0.0005986626942745777,-0.0006760347767433997,0.026272282592013148,-0.000603894194162698,-0.0006208068251756525,-0.00037567666247107997,0.0002032392039897106
48,1.46,-0.0006024934778841111,-0.0006599060728566562,-0.0006466222485621687,-0.0005918348274534073,-0.0005951479580233471,-0.0006022949985851889,-0.0006054381585072989,-0.0006828782074220334,0.02631115923637139,-0.0006111728198369776,-0.0006282268614477043,-0.0003825548669227856,0.00019795417682497737
49,1.48,-0.0006092452898172947,-0.0006669763845235201,-0.0006535289985128312,-0.0005987373215428675,-0.0006024172394731633,-0.0006095713286330268,-0.000612513311705981,-0.0006894198227487601,0.02635069837202431,-0.0006182976269883183,-0.0006354047778784964,-0.0003893251635447117,0.0001927403331978492
50,1.5,-0.0006155609928113814,-0.0006735246970727627,-0.0006602802985159008,-0.0006057156744610204,-0.0006094725883997329,-0.0006167773338820725,-0.0006190974032631144,-0.0006959174170106694,0.02638905844513895,-0.0006254857704700554,-0.0006427875033818508,-0.0003963225904935777,0.00018711236255432995
51,1.52,-0.0006221888917336268,-0.0006801751118311834,-0.00066716397839015,-0.0006126019095533504,-0.0006166758810549455,-0.0006239196531265753,-0.0006258291280060125,-0.00070269641210159,0.02642834402020354,-0.0006327768697957051,-0.0006501950454966735,-0.0004030956928363824,0.00018161916725137036
52,1.54,-0.000628835309550895,-0.0006868855342997166,-0.0006739414047380816,-0.0006196661626790941,-0.0006239330404527606,-0.0006311307372023145,-0.0006324129985655037,-0.0007091834906187136,0.026467326478018038,-0.0006398738230507188,-0.000657444108393343,-0.0004100728486242756,0.00017635163991210198
53,1.56,-0.0006352806554212513,-0.0006936939677451419,-0.0006807495349833379,-0.0006266515572555129,-0.0006309617649838657,-0.0006384207983852711,-0.0006391999178277631,-0.0007159313811869237,0.026506547087208024,-0.000647076728646649,-0.0006646140916534999,-0.00041651464653329255,0.0001710238460322166
54,1.58,-0.0006418220734798234,-0.0007001848346525635,-0.0006874832703749644,-0.0006334269985646536,-0.0006379485517648406,-0.0006455274102132992,-0.0006459942191545031,-0.0007223704609503028,0.026544235065838702,-0.0006539835876634089,-0.0006716806816860392,-0.00042348030059380685,0.00016572487613697207
55,1.6,-0.0006482259235505617,-0.0007069043610509196,-0.0006944189628233876,-0.0006403512842484206,-0.0006452621282878963,-0.0006527095960266244,-0.0006528005400934941,-0.000728964641882581,0.02658305370001718,-0.000661460427985666,-0.0006791003020204699,-0.0004303782087135523,0.00016029923581956565
56,1.62,-0.0006547375996515064,-0.000713433998762111,-0.0007010865141670235,-0.0006471573828465908,-0.0006521683031790535,-0.0006596728920028948,-0.000659225183821657,-0.0007355012285727191,0.02662156516985908,-0.0006684912613070781,-0.0006864867107432426,-0.00043703191067758537,0.0001549720656222488
57,1.6400000000000001,-0.0006610423128035554,-0.0007201836981888601,-0.0007079181014136578,-0.0006541479603460398,-0.0006594763661780678,-0.0006667327333691802,-0.0006661705252617543,-0.0007421907839119615,0.02666036442286669,-0.0006755046706478403,-0.000693581196847915,-0.00044367705834045396,0.00014960370515365899
58,1.66,-0.0006675107508232259,-0.0007268713443788992,-0.0007146416752566795,-0.0006609139017115517,-0.0006663869588729866,-0.0006738905482824492,-0.0006726951567226659,-0.0007486930112443797,0.026698433454622673,-0.0006826122518925929,-0.0007008428142553026,-0.00045057643289775617,0.00014431352582468398
59,1.68,-0.0006739838594776316,-0.00073342083453754,-0.0007213024350418935,-0.0006678371908463876,-0.0006734056132364002,-0.0006812134243021231,-0.0006794386741701872,-0.0007552220900142082,0.026735946353512535,-0.0006897118011087699,-0.0007081164326943049,-0.0004571720165561557,0.00013897960463293715
60,1.7,-0.0006803163749927245,-0.0007398934819892079,-0.0007280802407482174,-0.0006746485747625654,-0.0006805024060711237,-0.0006882306700294298,-0.0006861441581294117,-0.0007617504043363572,0.026774560783451747,-0.0006966918884285982,-0.000715241270156708,-0.0004640568606527903,0.00013375502014430007
61,1.72,-0.0006867599023336563,-0.0007464877968363865,-0.0007347589757993266,-0.0006813419409679601,-0.0006876522162223413,-0.0006951947147829633,-0.0006928614115114979,-0.0007681798720454721,0.026812159665736728,-0.0007036651768920679,-0.0007223574675336106,-0.00047058093715710204,0.00012848748689504614
62,1.74,-0.0006932027944854567,-0.0007531392766010711,-0.0007414304258529912,-0.0006881915437310732,-0.0006945842938191338,-0.0007022138256927625,-0.0006992812163941997,-0.0007747721996600014,0.02685057540178186,-0.0007106767964474262,-0.0007297238410023348,-0.0004773394406714515,0.00012300976044205442
63,1.76,-0.0006993879452714024,-0.000759757918023414,-0.0007481040146946169,-0.0006948769135916688,-0.0007015965793671845,-0.0007091237080253243,-0.0007059120530270015,-0.0007811024932443816,0.026888006465996935,-0.0007177134531193962,-0.0007367459433050593,-0.0004840079567754597,0.00011778786159413443
64,1.78,-0.0007058108047659661,-0.000766375018372246,-0.0007546330380359443,-0.0007016261112964609,-0.0007084505654591434,-0.0007161071100411524,-0.0007122627350318409,-0.000787554837164474,0.02692551563496954,-0.0007249239408686365,-0.0007438426033889705,-0.0004906389212340858,0.00011253031460868589
65,1.8,-0.0007120695626313281,-0.0007728995535272563,-0.0007613405152273487,-0.0007083431685744804,-0.0007154684894020672,-0.0007232041620197887,-0.000719051939981021,-0.0007940939381952927,0.02696220461757694,-0.0007316722164813613,-0.0007510549868556288,-0.0004972892409402386,0.00010730626936145979
66,1.82,-0.0007184034779175496,-0.0007793864139569578,-0.0007680964695679207,-0.0007150809246815196,-0.0007223486398508408,-0.0007301751499766012,-0.0007254738246413733,-0.0008003799347812107,0.026999909347076727,-0.0007386415992502738,-0.0007580585765762696,-0.0005038180044212912,0.00010212977935042436
67,1.84,-0.0007245073365385199,-0.0007858701118280153,-0.0007746453733843563,-0.0007217671877558439,-0.0007292778380310255,-0.0007371220456085866,-0.0007320736778613963,-0.0008069165936895816,0.027037371959242523,-0.0007457048344705477,-0.0007651131617267492,-0.000510444971670129,9.667133306127897e-05
68,1.86,-0.0007308690607693598,-0.0007923914661571537,-0.0007811889015316413,-0.0007284904258490032,-0.0007360279323522654,-0.0007441522067586849,-0.0007386022351197705,-0.0008132326348960244,0.027073301649379263,-0.0007525279619757867,-0.0007721252898095025,-0.0005169277019153667,9.150463813497016e-05
69,1.8800000000000001,-0.0007370344586821585,-0.0007989733146508988,-0.0007876949855773725,-0.0007351388150941865,-0.0007430239040567291,-0.0007509756559551841,-0.000745121585784709,-0.000819622527864241,0.02711054924337537,-0.0007593488336126687,-0.0007792663790606441,-0.0005236806948158948,8.620054123769513e-05
70,1.9000000000000001,-0.0007433978767954546,-0.0008053074121169029,-0.0007941838674012305,-0.0007417504113659993,-0.000749867070173963,-0.0007577669347720293,-0.0007515447665675793,-0.00082588216112383,0.027146588862019684,-0.000766242019833031,-0.0007861929214186753,-0.0005301007264719068,8.107681316014085e-05
71,1.92,-0.0007494344770494658,-0.000811676344515375,-0.000800732140237161,-0.0007484419591315146,-0.0007566728385740755,-0.000764637296135607,-0.0007579310183578658,-0.0008322709110471095,0.027183102878698268,-0.0007731964755006534,-0.0007932333276630836,-0.0005366474756061019,7.592949009199998e-05
72,1.94,-0.000755711146917014,-0.0008181330047844766,-0.0008070847685972494,-0.0007550203079288025,-0.0007635078682529887,-0.0007714194256231948,-0.0007643432751144471,-0.0008385197810588805,0.027218698875379095,-0.0007798624664737799,-0.0008001893545361887,-0.0005430900920481208,7.073052565946085e-05
73,1.96,-0.0007619396583716619,-0.0008244989540281852,-0.0008136532895810269,-0.0007614782636040602,-0.0007702479530286618,-0.0007782097232033441,-0.0007707081673661903,-0.0008447908812575241,0.02725481115837058,-0.0007866395404164355,-0.0008070361651892991,-0.0005497217025308518,6.558211219898163e-05
74,1.98,-0.0007680473601846146,-0.0008309023507313938,-0.0008201441020449451,-0.0007680285585505093,-0.0007769671553180361,-0.0007850723760652838,-0.0007769782417793833,-0.0008510547659010536,0.02729024263412664,-0.0007935994247639881,-0.0008140777641762505,-0.0005560394415149686,6.03426423371342e-05
75,2.0,-0.0007739901399101412,-0.0008372271928913536,-0.0008265079456324299,-0.0007745041164909819,-0.0007837075161168991,-0.0007917895885251972,-0.0007835063377902471,-0.0008572803749707409,0.027325780099474433,-0.0008002601300161535,-0.0008210914973125859,-0.000562505487244115,5.521079841666337e-05
