,nu_factor,USA,EUR,JAP,CHN,BRA,IND,CAN,KOR,RUS,MEX,ROW,pop_weighted,negishi
0,0.5,0.10581884386010602,-0.11980113409243714,-0.12333788649423882,-0.10642711434834733,-0.11092654582233108,-0.10964298823722182,-0.13100284922743594,-0.12776756411560966,-0.11557465273091824,-0.10676715877089556,-0.11890826938990766,-0.11310287157750251,-0.0771631241065804
1,0.52,0.1064754979438686,-0.12343125032024818,-0.12711281155525128,-0.11004108906747456,-0.1146966752218914,-0.11343132500204203,-0.13458234727043322,-0.1315018648252166,-0.11936514421136366,-0.11092237394568215,-0.12273259710127034,-0.1168550758706848,-0.08021721944331565
2,0.54,0.1069635648668041,-0.12701325499856997,-0.13083173516103008,-0.11361699645853579,-0.11842010563488035,-0.11718103339099002,-0.1381066659651777,-0.13517848513949793,-0.12311145148541282,-0.11500451877313764,-0.12651224325224095,-0.12057151299980541,-0.0832574810159785
3,0.56,0.10729785691669375,-0.1305458023946956,-0.13449870684030346,-0.1171565664817464,-0.12210276109411415,-0.12088184548760815,-0.14157511352524957,-0.1388005258153539,-0.12681166123754656,-0.11901496489342875,-0.13024454140718303,-0.12424013710575595,-0.08628794640828517
4,0.58,0.10748830606669242,-0.1340392049877216,-0.1381158528525509,-0.12066393316959893,-0.1257462376984743,-0.12455055075424325,-0.14499922003703622,-0.14236630464498834,-0.1304788482078835,-0.12296796453875161,-0.13394108198014595,-0.1278747083340388,-0.08930633344577185
5,0.6,0.10754092982521642,-0.1374857392846089,-0.14168942596694323,-0.12414377312720246,-0.12935217731870868,-0.12818088271826275,-0.14837823575475012,-0.14588530638544117,-0.13410645383899622,-0.12685481514166094,-0.1375962568293073,-0.13147039689296755,-0.09231628497713446
6,0.62,0.1074663516909767,-0.14090050783269198,-0.1452253352741009,-0.12759221163445772,-0.13292675752199523,-0.13178058629183348,-0.1517191222431039,-0.14935922451932201,-0.13770070910874424,-0.13069134705576466,-0.1412219979134146,-0.13503818693700492,-0.09531531677531264
7,0.64,0.10727392027655133,-0.14428164231511525,-0.1487187920393429,-0.13101734351303754,-0.13647227533982717,-0.13534782882266908,-0.15502471219848124,-0.15279662862398696,-0.14126708496325413,-0.13447849374749746,-0.14481331338148323,-0.13857433842364103,-0.09830999112801862
8,0.66,0.10696812370339207,-0.14763092098448122,-0.15218067124303242,-0.13441772993030557,-0.1399877284695233,-0.13888611744405405,-0.15830155594453726,-0.1561942002079365,-0.1448043311949096,-0.13822240385914145,-0.14837955724872054,-0.14208482429771446,-0.10129723958039413
9,0.6799999999999999,0.10655670818288797,-0.15095420065766554,-0.15561133825055143,-0.13779773689289376,-0.14347824575752266,-0.14239953731723115,-0.16154732775463082,-0.15955807322460996,-0.14831567988975577,-0.14191684366297094,-0.1519162841104176,-0.14557025015612418,-0.10427793112542284
10,0.7,0.10604551194071102,-0.1542498035869047,-0.15901104954127265,-0.14115449121635085,-0.14694472512264356,-0.1458884279053533,-0.1647695437930504,-0.16289187019450901,-0.15180596529723164,-0.14557396094970387,-0.15542967750706294,-0.14902908593272096,-0.10725129039875225
11,0.72,0.10543873937430218,-0.15752249925084222,-0.1623859087421837,-0.14449349452867363,-0.15038549685722527,-0.14935530087901913,-0.16796328788116377,-0.16619516366828585,-0.155271312969502,-0.14919550290152633,-0.15892116225989117,-0.15246678467529265,-0.11022120157032163
12,0.74,0.10474815106055081,-0.1607728893280558,-0.1657330530906423,-0.14781208531080342,-0.15380488383565263,-0.1528012938527536,-0.17113780506903803,-0.16947380080844276,-0.158715183938854,-0.15278317227519056,-0.16239100059411782,-0.15588873559283278,-0.11318501854154063
13,0.76,0.10397209522835921,-0.16400412832397607,-0.16905808292629737,-0.15111323429105913,-0.1572076714939207,-0.1562272740511657,-0.17429282848191316,-0.17272668583884437,-0.16214039868613894,-0.15633823703394778,-0.165840172027014,-0.15928885733504597,-0.11614573544349355
14,0.78,0.10312240923895961,-0.16721337543653175,-0.17236178882353528,-0.15440121662560707,-0.16058960955046342,-0.15963271695086306,-0.1774287737720596,-0.175956060586579,-0.16554617943136563,-0.15986281909218583,-0.16927156666671847,-0.16267041545203664,-0.11910069945494983
15,0.8,0.10219703482094304,-0.17040590694699526,-0.17564260550322022,-0.15766925366418533,-0.16395385444070093,-0.16302047451741056,-0.18054690033231457,-0.1791625103373846,-0.16893638580906303,-0.1633599003430585,-0.1726846844811235,-0.16603661392214844,-0.12205206109142695
16,0.8200000000000001,0.10120340172509638,-0.1735802195335871,-0.17890261471248795,-0.16092300286729114,-0.16729882671958937,-0.1663914265424786,-0.18364692558096896,-0.18234894037295293,-0.17230962161884184,-0.16683018978583614,-0.17607867250112055,-0.1693823556866334,-0.12499926925549529
17,0.8400000000000001,0.10014229841985077,-0.17674036979410823,-0.182144598558661,-0.16416203258828543,-0.17062842320701566,-0.16974586339667197,-0.18673298619912077,-0.1855132394061774,-0.175662733037809,-0.1702742325302868,-0.17945984574897175,-0.17271658693326838,-0.12794155905490648
18,0.86,0.09902470009225915,-0.17988048897069459,-0.1853686525797055,-0.1673861013346534,-0.17394070543630458,-0.17308347313897057,-0.18980366093165701,-0.18865946347450474,-0.17900338223616985,-0.17369705318678708,-0.1828228987272,-0.17603277802013328,-0.1308801224313103
19,0.88,0.09784793673640568,-0.18300807898782628,-0.18857209267595412,-0.17059627969033347,-0.1772377233218363,-0.1764053214131299,-0.1928581545897864,-0.19179052693969745,-0.18232860148225272,-0.17709355622462022,-0.18617255099451327,-0.17933630392378988,-0.1338135992960435
20,0.9,0.09661570700101901,-0.18612060971876007,-0.1917630713608776,-0.17379253346245727,-0.18051959801477707,-0.17971083241865984,-0.19589929410634588,-0.19489802845845694,-0.18563749812990624,-0.18046955704542147,-0.18950659878444964,-0.1826243449548301,-0.13674180713232162
21,0.9199999999999999,0.09533128497389225,-0.18921827488883833,-0.194933791489471,-0.17697504121260485,-0.1837870127167819,-0.1830024985943973,-0.1989269042074435,-0.19799298443712704,-0.18893306290892675,-0.1838234089372407,-0.19282601437044897,-0.18589777889003678,-0.13966601951753282
22,0.94,0.093998028676572,-0.19230194147924193,-0.1980883374929608,-0.18014423798964202,-0.18703745082229992,-0.18627803064543777,-0.2019400933577112,-0.20106841291761846,-0.19221264758311643,-0.1871575280269432,-0.19613113877937144,-0.18915653880679023,-0.14258428237394868
23,0.96,0.0926236538241995,-0.19537044788590477,-0.20122846203287925,-0.18329885645598823,-0.19027423717556735,-0.1895423921279669,-0.204941998415448,-0.20412817818051754,-0.19547956478761686,-0.19047159164671046,-0.1994222580564458,-0.19240445050163293,-0.1454973755549243
24,0.98,0.09120114066334886,-0.19842623873100093,-0.2043520412444628,-0.18644116430434607,-0.19349688471698326,-0.1927883586725231,-0.20792961188221304,-0.20716960391411376,-0.19873191340285973,-0.19376687073699364,-0.2027001054785738,-0.19563637579523854,-0.14840432508302287
25,1.0,0.08974225765717637,-0.20146798854362827,-0.20745864018158164,-0.18956952986823372,-0.19670600885956888,-0.1960227335431049,-0.2109048493355965,-0.2101994387203826,-0.201970281824696,-0.1970422859359563,-0.20596370441649425,-0.1988546045535953,-0.15130509084396976
26,1.02,0.08728205981507325,-0.2042004148193376,-0.2098419847996118,-0.19240436610865191,-0.199611420796437,-0.1989569998395204,-0.21357462713229955,-0.212903188028999,-0.20489093595416555,-0.20002262707751442,-0.20891405011563202,-0.20177537082014751,-0.15409598261943336
27,1.04,0.08480830287711351,-0.20692831709550663,-0.2122297499606262,-0.1952328561273679,-0.20251073750465529,-0.20188500960227967,-0.21624449489467734,-0.21560167357753537,-0.20780783625571606,-0.2029918011549875,-0.21185943119849826,-0.20469025826941942,-0.15688314514061252
28,1.06,0.08232879067996053,-0.20965156607987384,-0.21462017595427224,-0.19805605771741225,-0.20540342277695128,-0.20480764601562332,-0.21890944069784285,-0.21829287833801522,-0.21071827081664082,-0.20595094326707405,-0.2147991488318645,-0.20760010504809306,-0.15966709078658511
29,1.08,0.0798385085937914,-0.21236952802693218,-0.21701513700593614,-0.20087267520630323,-0.20829001589168147,-0.20772291964264533,-0.22156961204328707,-0.22097837830255826,-0.2136229414394551,-0.20889894750418808,-0.21773392454142407,-0.2105041025367159,-0.1624457597734688
30,1.1,0.07734494497159873,-0.2150831157504854,-0.21941170899822127,-0.2036831323314785,-0.21117077452711885,-0.21063107186561378,-0.2242271255083532,-0.22365909468491552,-0.21652081155953737,-0.21183841074388465,-0.22066143632532162,-0.213401005391406,-0.1652206470704402
31,1.12,0.07491419172676644,-0.21780436651441565,-0.22185361555834424,-0.20650000206825028,-0.21405629713583438,-0.21354512699921274,-0.22689066210697034,-0.22634518525802433,-0.21942863981613564,-0.21477980813721956,-0.22359672186527316,-0.2163051355969152,-0.1679913862746976
32,1.1400000000000001,0.07318524716329017,-0.22073536087177753,-0.2248205288558032,-0.2095169062146196,-0.21714882842580882,-0.21666441762316396,-0.22976382634380296,-0.22924899147825245,-0.22255287159417778,-0.21791462979943046,-0.2267496211738461,-0.2194142175904934,-0.17083437853717054
33,1.1600000000000001,0.07144315825239175,-0.2236552323231867,-0.22778017049932678,-0.21252263540178504,-0.22022999057724013,-0.21977062089634608,-0.23262445669103024,-0.2321409637968785,-0.22566584489382796,-0.22103584196328477,-0.22988994510903782,-0.2225113837425467,-0.17366965693066666
34,1.1800000000000002,0.06967816257082694,-0.2265624416898321,-0.23072384074389488,-0.2155149524567628,-0.22329567136638265,-0.22286131895181843,-0.23547228022721767,-0.23501705352597377,-0.22876484412547454,-0.22413959690613783,-0.2330159386803191,-0.22559530409880338,-0.1764964549746863
35,1.2000000000000002,0.06789420988457201,-0.22945481466595768,-0.2336524005217339,-0.21849170752632097,-0.22634704381481988,-0.22593776522265369,-0.23830702373331808,-0.23787649830641774,-0.23184739991787962,-0.2272268617673088,-0.2361272626600521,-0.2286641240221303,-0.1793131402310201
36,1.22,0.06609192358961571,-0.2323321643427454,-0.23656574005024097,-0.22145446103833397,-0.22938312355214177,-0.22899919033122212,-0.24112757285151495,-0.24072219484412347,-0.2349184078742977,-0.23029673436000686,-0.23922580760047568,-0.23171794938767282,-0.1821202341340044
37,1.24,0.06427433115918643,-0.2351960160717516,-0.23946370018642718,-0.22440283025214974,-0.23240468414240553,-0.2320462611716394,-0.24393422963495187,-0.24355184938361732,-0.23797256170272374,-0.23334963837606876,-0.24230819400203665,-0.2347590885514962,-0.18491685978078345
38,1.26,0.06244363417828126,-0.23804435262328308,-0.24234732210905086,-0.2273359642025494,-0.23541084425517989,-0.23507918211155054,-0.2467275384899365,-0.246364978566479,-0.24101250998900683,-0.23638525754963477,-0.24537541637986177,-0.23778402563366802,-0.187703198728914
39,1.28,0.06058955240117626,-0.24087856033064112,-0.24521362609126743,-0.23025468855512465,-0.23840144747333453,-0.2380939776875517,-0.2495056317498279,-0.2491622287174819,-0.2440363996381278,-0.23940420298632223,-0.2484301805506271,-0.24079523557463275,-0.19047960804495753
40,1.3,0.058731053148817984,-0.24369782371694218,-0.24806494351114033,-0.23315789391772473,-0.2413769767412607,-0.2410956217747673,-0.2522706158972794,-0.2519436921453804,-0.2470458350031267,-0.2424056242966902,-0.25146765319528536,-0.24379034898908053,-0.19324351056085673
41,1.32,0.05685623227053582,-0.24650169962816934,-0.25090005406274635,-0.236045508905149,-0.24433687567062162,-0.2440808765284338,-0.2550193929870863,-0.254709315711757,-0.2500396609639778,-0.24538994308123932,-0.2544894536126936,-0.2467703996978021,-0.19599685821069707
42,1.3399999999999999,0.05497142458111012,-0.2492901235881892,-0.2537198968262547,-0.23891737331620017,-0.2472801386777539,-0.2470495292531156,-0.2577531017535431,-0.2574580101577783,-0.25301808506965695,-0.24835667851749382,-0.2574973025138711,-0.24973576121304197,-0.19873826078832274
43,1.3599999999999999,0.053077415935774336,-0.25206353790807323,-0.2565236068639396,-0.24177402773945483,-0.25020910728503537,-0.2500037013979376,-0.2604728038893587,-0.26019052372373297,-0.25597985926772504,-0.2513057887175737,-0.260488637035483,-0.2526858200403682,-0.20146728936450378
44,1.38,0.05117491994994739,-0.25482135376613896,-0.25931083531860216,-0.2446148668695914,-0.2531205907104757,-0.2529403884621792,-0.263177824005379,-0.26290784226903324,-0.25892720773988226,-0.25423813068264267,-0.26346468888138835,-0.25561901140292526,-0.20418498591869602
45,1.4,0.04926431338252111,-0.2575631250913895,-0.26208163459274253,-0.24743978293084734,-0.2560161402766641,-0.25586234940080005,-0.26586709442512285,-0.26560721840899976,-0.26185628425530283,-0.2571521768862514,-0.26642527610387473,-0.25853717044723246,-0.20688979358941484
46,1.42,0.04734589214608049,-0.26029009268465375,-0.2648367592729481,-0.2502480350856979,-0.2588955959719152,-0.258766601735614,-0.26854069773309475,-0.2682899720112616,-0.26477079253594554,-0.26004886223568785,-0.2693682539910734,-0.2614396435258226,-0.2095815929784448
47,1.44,0.04542237061108467,-0.26300041745332814,-0.26757422087698046,-0.2530402460813924,-0.2617588618933218,-0.2616554748390513,-0.27119893840920895,-0.27095700259589794,-0.26766862634848637,-0.2629286195377305,-0.2722971697592934,-0.2643247298536443,-0.21226077014872916
48,1.46,0.04349058913449517,-0.2656944547823752,-0.2702957376996835,-0.2558167141214228,-0.26460458184881436,-0.26452710084637554,-0.2738416696125164,-0.27360621835917326,-0.2705489348423793,-0.2657900178254898,-0.27520788290755993,-0.2671951609899997,-0.21492637189871844
49,1.48,0.041556902121759644,-0.2683722047053249,-0.2729999881422049,-0.25857579539351744,-0.2674335037858969,-0.26738281464681063,-0.2764680877054588,-0.2762395463341511,-0.2734136657010387,-0.26863373297886545,-0.27810269425961437,-0.2700483369559385,-0.21757861860263128
50,1.5,0.03962138283924852,-0.2710334076462378,-0.27568800997209014,-0.26131881373888394,-0.2702466015425214,-0.27021969212577657,-0.2790788373714466,-0.27885520239121653,-0.27626174402105136,-0.27145941560618975,-0.2809818234033287,-0.2728850499252303,-0.2202172410903748
51,1.52,0.037682346371547305,-0.2736785774993475,-0.27835859325412526,-0.26404503085017494,-0.27304190996142486,-0.2730415489990744,-0.28167372626268605,-0.28145455912211903,-0.27909226625806205,-0.2742677559688017,-0.283842539401182,-0.27570530457464604,-0.2228419874973837
52,1.54,0.03573665211531907,-0.27630787321450984,-0.28101273792792797,-0.26675412262462006,-0.2758205128562951,-0.27584582089733384,-0.2842527376103984,-0.28403613648096687,-0.28190533421640007,-0.2770576256031968,-0.2866876862699722,-0.2785082974108065,-0.22545284026343615
53,1.56,0.03379600955624603,-0.2789194302885768,-0.28364984363975976,-0.26944663950809294,-0.27858266103523277,-0.27863323586529404,-0.28681475948273305,-0.2866000950493221,-0.2847028432511482,-0.27983057325980715,-0.28951584121971496,-0.28129450401691664,-0.22804937937628272
54,1.58,0.03184742227637449,-0.281514708985115,-0.28626916894734794,-0.2721218229797247,-0.28132695004033687,-0.28140312929773437,-0.2893609640819333,-0.28914735138616054,-0.28748291225548167,-0.2825851604065599,-0.29232672173589536,-0.28406507970345285,-0.230631434200444
55,1.6,0.029902747021595382,-0.28409337245229155,-0.2888714448007431,-0.27478013029036846,-0.28405444134503,-0.2841546573528273,-0.29189042281897903,-0.2916775986527963,-0.29024500004787857,-0.2853212283159704,-0.29512117194641935,-0.28681691192408226,-0.2331991056027493
56,1.62,0.027958140229538114,-0.2866550887171636,-0.2914567400964117,-0.2774208163330516,-0.2867637345650436,-0.28689032492381017,-0.29440318891597905,-0.29419098507818814,-0.29299054914740263,-0.2880394659431813,-0.2978991098893683,-0.2895527018428517,-0.23575221511912398
57,1.6400000000000001,0.02601212681152715,-0.2891997965899446,-0.2940244102905624,-0.2800453540963957,-0.28945688447379814,-0.28960819848794606,-0.29690020925715366,-0.29668572652762465,-0.29571839085422513,-0.2907394890369449,-0.3006574465904345,-0.2922710927385874,-0.2382903981592665
58,1.66,0.024068088262019338,-0.29172747880708655,-0.29657532373521844,-0.2826517150693222,-0.29213158069685363,-0.29230786828459604,-0.2993794662340543,-0.2991651969951595,-0.29842858758694174,-0.29342139533251826,-0.30339942641248824,-0.29497232272343915,-0.24081335842164334
59,1.68,0.022129346791130475,-0.2942382652044402,-0.2991080096395856,-0.285241202233997,-0.2947883095016972,-0.2949914432914513,-0.3018431565097355,-0.30162468452938157,-0.3011215511132999,-0.2960854113284501,-0.30612386543949754,-0.29765586681411627,-0.24332167794668635
60,1.7,0.020186433676559454,-0.2967322485041183,-0.30162404783470576,-0.28781309262601956,-0.29742840235225737,-0.29765653715592544,-0.30428959094131436,-0.30406848053324004,-0.30379629116294266,-0.298731671112201,-0.3088304738021989,-0.3003223486431955,-0.2458152328841946
61,1.72,0.01825242202376809,-0.2992093603411726,-0.30412174692903704,-0.29036747447689054,-0.3000504873475037,-0.3003036339745021,-0.30671894582199644,-0.30649459732774226,-0.30645403763286183,-0.3013585619867117,-0.3115217524064366,-0.30297140518166854,-0.2482929985033729
62,1.74,0.016319452022374597,-0.301668875977329,-0.3066032780263502,-0.2929041615481246,-0.3026559516784361,-0.30293361534732827,-0.309131654825379,-0.30890331850076685,-0.3090942419170443,-0.30396788595579427,-0.3141939142290091,-0.30560284750529326,-0.25075526222324307
63,1.76,0.014388946803699234,-0.30411133895194226,-0.3090663843198075,-0.29542371066622924,-0.30524214795341154,-0.30554547347775757,-0.3115277054361712,-0.31129418218665345,-0.3117165444946635,-0.30655970874692356,-0.31684812751199287,-0.3082161174456897,-0.2532022625196888
64,1.78,0.012467762977910232,-0.306536350502631,-0.31151198107975797,-0.29792622718515877,-0.30781159664104457,-0.3081402659635415,-0.31390659904675566,-0.3136682369729594,-0.3143212004746519,-0.309132287476063,-0.31948589216796636,-0.3108141527904544,-0.25563414361992487
65,1.8,0.010543416630595303,-0.3089446215626788,-0.3139398180143297,-0.30041052250687944,-0.3103629744596768,-0.31071766067588946,-0.31626948120969484,-0.31602471293403983,-0.3169079169661524,-0.31168781241047777,-0.3221063616963034,-0.3133940439201805,-0.25804999790730476
66,1.82,0.008629339736084745,-0.31133585096695177,-0.31635119291389613,-0.3028778434853325,-0.312897753915902,-0.3132760374326289,-0.31861442973339565,-0.31836304803643933,-0.3194775775411469,-0.3142252177509671,-0.3247083566884832,-0.3159544066784714,-0.260450416272449
67,1.84,0.006719640792145149,-0.3137101563971952,-0.31874482457740955,-0.3053270592943519,-0.31541401049422657,-0.31581692377455983,-0.32094325967800197,-0.3206855430577621,-0.3220299516652763,-0.31674366490020506,-0.32729334042912955,-0.31849820510493826,-0.26283519329607613
68,1.86,0.004817232806059279,-0.3160669100935518,-0.3211205831615086,-0.3077592258325205,-0.3179131291058756,-0.3183406393733901,-0.32325501194040795,-0.3229898589447829,-0.3245641561200994,-0.31924420841718204,-0.32985991133426895,-0.3210248548646211,-0.26520440322457284
69,1.8800000000000001,0.0029139096463249806,-0.3184064127259838,-0.32347943162458387,-0.3101739443308853,-0.3203941047469872,-0.32084672499650657,-0.3255504851725223,-0.32527698450098624,-0.32707983609321273,-0.32172778137388525,-0.3324089666569471,-0.3235342691092007,-0.26755805554305273
70,1.9000000000000001,0.0010193206704556287,-0.3207288217025013,-0.3258207258922646,-0.31257121028086193,-0.32285720322700484,-0.32333499048321324,-0.3278277287291544,-0.3275471089269019,-0.32957906253910063,-0.3241919606709433,-0.33494047456266485,-0.326026210196082,-0.26989535379206986
71,1.92,-0.0008665613024797672,-0.3230349176182782,-0.32814457025654137,-0.3149510251871449,-0.3253024643033093,-0.3258052359980543,-0.330089442970703,-0.32979995260863226,-0.3320594123574528,-0.32663884972502205,-0.3374555083162891,-0.3285003529245869,-0.27221702892288197
72,1.94,-0.002745898110022398,-0.32532262297845926,-0.3304508405099172,-0.31731293447860226,-0.3277306933870641,-0.32825872410648005,-0.33233302211510557,-0.33203578246828175,-0.33452314669563865,-0.3290679573454848,-0.3399510385002512,-0.3309572696281987,-0.2745229987100242
73,1.96,-0.004619838775496745,-0.3275942881321401,-0.3327401757285059,-0.31965807964087,-0.33014187541885265,-0.3306942111433909,-0.33456138823026815,-0.33425423872187976,-0.33696963665941226,-0.33147875350357364,-0.34242983853034914,-0.3333967504627429,-0.27681316578452186
74,1.98,-0.006484950259510248,-0.3298490575342997,-0.33501248233786085,-0.32198608018369856,-0.332533834322264,-0.3331109089064503,-0.33677238813476645,-0.33645627447199516,-0.3393973832516997,-0.3338715700047153,-0.34489304215267935,-0.33581771194299204,-0.2790877875244868
75,2.0,-0.008341576050833192,-0.3320863411933252,-0.33726673523245504,-0.32429610954731697,-0.33491027191622574,-0.3355106216532258,-0.33896693657561244,-0.33864074431158603,-0.34180714169495224,-0.3362465036480081,-0.3473364079270127,-0.33822118595237083,-0.28134577411247536
