,tau_factor,USA,EUR,JAP,CHN,BRA,IND,CAN,KOR,RUS,MEX,ROW,pop_weighted,negishi
0,0.5,-0.011498771433560923,-0.013464820487256555,-0.014502969921426476,-0.011418433889833242,-0.012143154961573857,-0.012040498716867597,0.2409623837619243,-0.013641890287021983,-0.01217652260558812,-0.012207504984788705,-0.012524035051608115,-0.01200297641984844,-0.007818564072930044
1,0.52,-0.011534667485558328,-0.013275931794148856,-0.01429602443663466,-0.011318304879525709,-0.011990067727958787,-0.01190056960143625,0.24090027429168873,-0.013519154162450761,-0.012057695420613973,-0.011938605823513443,-0.012375603393369888,-0.011871210170378468,-0.007732660842624652
2,0.54,-0.011575522957532502,-0.0130874023479264,-0.014078857232870138,-0.011207473581754166,-0.01184889039300557,-0.011766635218246313,0.24078049620053413,-0.013400815926787577,-0.011947952370983117,-0.011673247096470107,-0.012233749833909567,-0.011732645361012175,-0.007651929910901848
3,0.56,-0.011613524762378834,-0.012899749465047754,-0.013861748774477312,-0.0111024839432327,-0.011703348831326132,-0.011635600914526423,0.24062938649710358,-0.013284843371151283,-0.011839726372602758,-0.01139700867226326,-0.0120931245430361,-0.011605308917283393,-0.007576789351759373
4,0.58,-0.011658189370258611,-0.012717459512095887,-0.013642148916318955,-0.010999675701367633,-0.011566061320560784,-0.011509784722860579,0.24045729286504985,-0.01317460263774146,-0.011735988668315241,-0.011129117771963385,-0.011964926272621969,-0.01147854091438949,-0.007507115209065509
5,0.6,-0.011701702757699668,-0.012545125339900076,-0.013433608550113427,-0.010903983484937483,-0.011440444439932373,-0.011393357541465293,0.24029555573875663,-0.01306311612944958,-0.011641664020138411,-0.010872276944182902,-0.011842160023195042,-0.011361485594689885,-0.007445280918532261
6,0.62,-0.01174073870515877,-0.012376245046012759,-0.013230504082105646,-0.010809857523787129,-0.011316786619859668,-0.011279403138803682,0.24016231498524637,-0.01295388403791042,-0.011548352507048202,-0.010624754803601725,-0.011730347666438186,-0.01124813988458943,-0.007390592735312513
7,0.64,-0.011790684711011261,-0.012222374278230735,-0.013036254386440588,-0.010726685151798478,-0.011205258826845657,-0.011173898924949428,0.24009069560349539,-0.012853375206193014,-0.01146594136845415,-0.010395840717471575,-0.011623021888340947,-0.011143967971765666,-0.007348398333297471
8,0.66,-0.011836279358274329,-0.012079626555171617,-0.012845526290073128,-0.010649712906598581,-0.011100474487928612,-0.011076280916609784,0.24010101738346049,-0.012753657804916243,-0.011385104861886557,-0.010192248832582166,-0.011531992197502845,-0.011051308122600103,-0.007310009222140107
9,0.6799999999999999,-0.011881180005496062,-0.011953662875995353,-0.012675669765385198,-0.010577265877333547,-0.011010255708807676,-0.01099670326822755,0.24020826152651475,-0.012655472445197715,-0.011312756931123031,-0.010026041752472185,-0.011449488229870497,-0.010971385043634615,-0.007281908588032306
10,0.7,-0.011930084993519866,-0.011838686895770742,-0.012511750528256932,-0.010518692057807694,-0.010933936727517303,-0.010921111135684874,0.24042727542939704,-0.012559261207268937,-0.011253260434644299,-0.009889399699369921,-0.011381216807344881,-0.010904362613657273,-0.007261177440025473
11,0.72,-0.011978656874158541,-0.01173629014945436,-0.012369045897065785,-0.01047042399381977,-0.01086130680517763,-0.010857107860597005,0.24074750360255354,-0.012473427657203794,-0.01120119496160622,-0.009793082646570535,-0.01132243091355954,-0.010842597179776554,-0.007245033015096848
12,0.74,-0.012020522378299228,-0.011646252401206564,-0.012233259378152167,-0.010422160154370568,-0.010801795440440557,-0.010800992850273947,0.24116715864686777,-0.012387296743235894,-0.011153769620972977,-0.009733071772931298,-0.01127482898962348,-0.010789191462103293,-0.007233986356871026
13,0.76,-0.012059447316414349,-0.011564581415588387,-0.012114781060105198,-0.010388645543627477,-0.010749791266963515,-0.010755871167079682,0.24165369352334992,-0.012306135661786793,-0.011112786145854774,-0.009706944323683901,-0.011234875879344769,-0.010746019156831536,-0.007228240675224993
14,0.78,-0.01209357528624752,-0.011491393832227675,-0.011999557245706298,-0.010359278199442244,-0.010702464182845359,-0.010714659063925875,0.24217921437543202,-0.012230022559730195,-0.011076059628111548,-0.009708014268767254,-0.011197464683663106,-0.010705172612301066,-0.007222826953362575
15,0.8,-0.01211668922072067,-0.01142733673278901,-0.011896649058437615,-0.010332028301394286,-0.010663081990765752,-0.010674709941671266,0.2427202509204643,-0.012153116649998791,-0.011039424155575165,-0.009734879064275483,-0.01116259314487511,-0.010671065523871646,-0.007217993345820203
16,0.8200000000000001,-0.012128198691566302,-0.011363409120328663,-0.011798874157620268,-0.0103068233000289,-0.010619020369883082,-0.010640475824105464,0.24323082049392425,-0.012079164384399673,-0.01100618731032457,-0.009775128614027484,-0.011130733867081077,-0.010634475041078551,-0.00721099513373799
17,0.8400000000000001,-0.012128776789332375,-0.011302185007173999,-0.0117035588442287,-0.010277607733622525,-0.010580560669505296,-0.010601987873854251,0.24368281818225018,-0.012003761714953804,-0.010967708976274599,-0.009822826265991295,-0.011096411152178551,-0.010598469897837012,-0.0071976049456972625
18,0.86,-0.01211321111792205,-0.011238517162202111,-0.01160712932451484,-0.0102485407898282,-0.010538096565123792,-0.01056170930429228,0.24405149058261713,-0.011925085570690871,-0.010927225309353484,-0.009872770142509979,-0.011056248205821444,-0.010559526352313501,-0.00718326662504539
19,0.88,-0.012082256120063776,-0.01117285345435384,-0.01151569624029866,-0.010214531018737347,-0.010491915681969327,-0.01051675761303055,0.24431448490434063,-0.011844963893321665,-0.010883560439074604,-0.009916688151547842,-0.0110120983371774,-0.010514451507440558,-0.0071596948350684956
20,0.9,-0.012040287465634037,-0.011104564492106374,-0.011418107046293402,-0.010176469002943287,-0.010440369824946729,-0.010468253910680028,0.244456225207849,-0.011759486950700422,-0.010832081264427331,-0.009953412089961517,-0.010958036109838778,-0.010464408453628974,-0.007128325201663125
21,0.9199999999999999,-0.011980962695481559,-0.01102993951306247,-0.011318275499325887,-0.010131024056371968,-0.010382946937940968,-0.010411975027467718,0.2444743142495092,-0.011671910374554437,-0.010774763321654342,-0.009979756428591427,-0.010899659661902397,-0.010407386727999917,-0.007091154211295276
22,0.94,-0.011907500762607295,-0.01095179938044656,-0.011216034873303499,-0.010079759863962316,-0.010320101945865514,-0.010350334975969282,0.24436638258654897,-0.011576850294845868,-0.010713209565969438,-0.00999068526265004,-0.010832009358927218,-0.010341940119644533,-0.0070443154318312546
23,0.96,-0.011824100132382916,-0.010867043646598235,-0.01111054986320031,-0.010020555310370164,-0.010250822063770884,-0.010280012365528425,0.24413114639290104,-0.011479870917829338,-0.010642301991675722,-0.009989804455666568,-0.010756558585301204,-0.01027094867409302,-0.006992967266760268
24,0.98,-0.011728691528440558,-0.010776919320517098,-0.011002285175438458,-0.009956547449791929,-0.010175326778767847,-0.01020492786638977,0.24377296164424597,-0.011376285936255568,-0.010565799551445272,-0.009971982815692348,-0.0106738875411582,-0.01019331426661265,-0.00693289220945804
25,1.0,-0.011622488859109555,-0.01068203761861686,-0.010887686504007019,-0.00988794640833136,-0.01009506372436417,-0.010123618516117408,0.24330691738616217,-0.011268514328102717,-0.01048254998987724,-0.009942345008473684,-0.010584871198424469,-0.010109153356917241,-0.006865812540555437
26,1.02,-0.011510810845886234,-0.010582621612384513,-0.010769518555779197,-0.009810839116795582,-0.01000800495441931,-0.01003824829116723,0.24273248486072618,-0.011158908935176327,-0.010393123826578992,-0.009898584531233323,-0.010489977144815137,-0.010017804756593519,-0.006793825724496581
27,1.04,-0.011390054178166693,-0.01047844623400362,-0.010650639631968252,-0.009731041511924993,-0.009916235023667952,-0.00994639072276109,0.24206137281681575,-0.011044460566397239,-0.010301430412379667,-0.009845655767197894,-0.010389411936664317,-0.009923464704770152,-0.00671725192707544
28,1.06,-0.01126108344679555,-0.010371342416448827,-0.01052876540753674,-0.009645339777046496,-0.009821494121841343,-0.009850799240772042,0.24130557957669516,-0.010928873452201964,-0.010203725867077086,-0.009781299426205684,-0.010285470592447702,-0.00982411794282712,-0.006636298937760546
29,1.08,-0.011129906911554884,-0.01026150528090953,-0.010405639651395564,-0.009557619584701813,-0.009723352386008228,-0.009752557634955947,0.24047330252833093,-0.010809028077554142,-0.010103496836647543,-0.009709230243650085,-0.010176153648901587,-0.009722092900722056,-0.006551332446915563
30,1.1,-0.010994692327263349,-0.010148295724718759,-0.01028084850144537,-0.009465706695189362,-0.00962258768536102,-0.009650892798856276,0.2395763190275366,-0.010689742691854796,-0.009999473984212592,-0.009630115863360884,-0.01006574031937036,-0.009616795880976787,-0.0064633224306249425
31,1.12,-0.010855668074908318,-0.010034174846243062,-0.010155347214246824,-0.009372016719524751,-0.00951859511480276,-0.00954587060193469,0.23862970713375845,-0.01056870882506999,-0.009894493834505929,-0.009543831046072421,-0.009951895196153351,-0.009508434035846764,-0.006373537424370215
32,1.1400000000000001,-0.010715177076585723,-0.009918912410860898,-0.01002951749026507,-0.009276041000156334,-0.00941422087692511,-0.009441501859370266,0.23762439638048466,-0.010446687968737947,-0.009787222259828936,-0.009454544822743573,-0.009836736653188058,-0.009399438742771599,-0.00628198715137408
33,1.1600000000000001,-0.010574005185963067,-0.009801592331585188,-0.009903417745099641,-0.009178915304579009,-0.009308162518589609,-0.009335030431484101,0.23658489201867228,-0.010324893858858169,-0.009678479857902732,-0.009359545139233793,-0.009719811781693639,-0.009289087435406938,-0.006189187252549142
34,1.1800000000000002,-0.010432435591796192,-0.009685116205989606,-0.00977819032904838,-0.009080181943017802,-0.009202167251090347,-0.009227602847186229,0.23550527194109566,-0.010202981435068622,-0.009569578079673988,-0.009262184872980406,-0.009603780933490355,-0.00917815202625992,-0.006096229813499813
35,1.2000000000000002,-0.010291186668755592,-0.009568363936515415,-0.009653525034931052,-0.008981988650930433,-0.00909526090877573,-0.009120889262459754,0.2343996574662444,-0.010081566248713947,-0.009459400580076582,-0.009162585972971182,-0.009486860627261775,-0.009067715368859303,-0.0060028507940252124
36,1.22,-0.01014928277479913,-0.009451699898089272,-0.009529827963965306,-0.008883307898984312,-0.00898819781021808,-0.009013483695088606,0.23326573365026926,-0.009960148848897047,-0.009350227886711937,-0.009061671269668786,-0.009369437927607733,-0.008956930876544224,-0.005909233182423796
37,1.24,-0.01000914917689047,-0.00933642473824873,-0.009407777842460446,-0.008786043915388264,-0.008882283931977606,-0.008906974553373524,0.2321179849745193,-0.009839644963338733,-0.009240793020965834,-0.008959970278433331,-0.009253256480266137,-0.00884698153602618,-0.005816256796081651
38,1.26,-0.009870459361683279,-0.009221197483713807,-0.009286720167614159,-0.008687390877365581,-0.008776819129689029,-0.008800880657312132,0.23094461397466318,-0.009721743408238994,-0.009132175238367329,-0.008857003789468533,-0.009138484953305633,-0.008737753358494969,-0.00572408762177254
39,1.28,-0.009733615271305307,-0.009108310563658824,-0.00916729077204006,-0.008589484709249666,-0.008672818273534928,-0.008695270287860152,0.22976461242736756,-0.009603711274457772,-0.009024745959001209,-0.00875472684468831,-0.00902392177226907,-0.008629480694404015,-0.005633024243893303
40,1.3,-0.00959815881626626,-0.008995895265690943,-0.009049965049559263,-0.008493505998898285,-0.00856910684905519,-0.008592682932249933,0.22857462207561122,-0.009487542909155443,-0.008918898547688658,-0.008652763655088495,-0.008911584116544833,-0.0085225896321416,-0.005542647972159887
41,1.32,-0.009465412052187852,-0.008885764108913926,-0.00893406967746308,-0.008398404583063577,-0.00846705919325938,-0.00849089782734324,0.22737590220187318,-0.009372340570677144,-0.008813008394926174,-0.008551136860202287,-0.008801092186913847,-0.008416910470362327,-0.005453382890204241
42,1.3399999999999999,-0.009334210835017565,-0.008776168451429221,-0.008820319034251909,-0.008303572262719047,-0.008365935382382938,-0.00838934830995693,0.2261734641992345,-0.009259994489892093,-0.00870907807349863,-0.008449657154515657,-0.008691416394371985,-0.00831292172575105,-0.005365360103528711
43,1.3599999999999999,-0.00920575248503927,-0.008668326987616434,-0.008708506225252136,-0.008210219828386418,-0.008266746685518887,-0.008290038912267468,0.2249674449520755,-0.009147689425994622,-0.008606126495769292,-0.008350565186372142,-0.008583500654716318,-0.008210255512599688,-0.005279877308153801
44,1.38,-0.009079446159101754,-0.008562382305172742,-0.008598618057330037,-0.00811786289784639,-0.008169669793412849,-0.008192113240965113,0.22375826601371493,-0.00903731180623822,-0.008504959353279955,-0.008251838238935702,-0.00847740102781022,-0.00810966419177434,-0.005194492122811323
45,1.4,-0.008954385517316815,-0.00845785218042586,-0.008491399573443359,-0.008027359727733782,-0.008073234954929037,-0.008095296290924536,0.22255399193685807,-0.008928253917968197,-0.008405702478970439,-0.008154123437831184,-0.008373330235378965,-0.008010596431969422,-0.005111548189534223
46,1.42,-0.008833320417821606,-0.00835491055246203,-0.008385461920989398,-0.007937536433779159,-0.007978573580300163,-0.008000664734131798,0.22134129616151443,-0.008821631730832873,-0.008307760633242317,-0.008058088826603691,-0.008271062410877704,-0.007913250686927093,-0.005029753030230203
47,1.44,-0.008714147418700415,-0.008254764027853752,-0.008281538181803006,-0.007849408501046923,-0.007885939212354424,-0.007907656997102837,0.22013734491334772,-0.008716213594395339,-0.008210703445303964,-0.007963302516357976,-0.008170945862109688,-0.007817576048982474,-0.00495000704706269
48,1.46,-0.0085972488326317,-0.008156011958323309,-0.008180237279482482,-0.007762317205566802,-0.007794815899227096,-0.007816321191882893,0.218934943927494,-0.00861243635831856,-0.008115574365685795,-0.007870831640546659,-0.008072350916515434,-0.007723769265433184,-0.004871152212775278
49,1.48,-0.008483081684789976,-0.008058611274053083,-0.008080274248224068,-0.007677387579401457,-0.007704920627722476,-0.007726403618763229,0.21773511060164003,-0.008509964487150473,-0.008022433641009357,-0.007779036557504953,-0.007976073293961326,-0.007631480783543921,-0.0047947359717300615
50,1.5,-0.008327657463292547,-0.00797859974213153,-0.00799759445332108,-0.0076082914593339265,-0.0076317607154485255,-0.00765325216666212,0.21645243802424421,-0.00842460026017731,-0.007945652558749752,-0.007704421299717479,-0.007895978124206735,-0.00755575236942423,-0.0047255258802678946
51,1.52,-0.008012845998206192,-0.007949525867644289,-0.007966928896828087,-0.007589142499602355,-0.007609233703377136,-0.007630515319776367,0.21486113077590616,-0.008392542227520363,-0.00792308877076193,-0.007681571338591909,-0.007869786819242688,-0.007531002178085756,-0.004676503676498098
52,1.54,-0.007899881074815474,-0.007851147285594823,-0.007866834067658144,-0.007501566782437014,-0.0075184917032186166,-0.007539992067690658,0.21368394582080796,-0.00828883587757131,-0.007828346253922496,-0.007588436742790126,-0.007772226140698234,-0.007438090542816967,-0.004598350048925474
53,1.56,-0.007789351429529748,-0.007755343476118343,-0.007768896436496927,-0.007415864900368899,-0.007429523192055246,-0.007450058302308315,0.21251485170721146,-0.008186660236468383,-0.00773530461342186,-0.007497139108557698,-0.007676583832785105,-0.00734641260599944,-0.004521550985234708
54,1.58,-0.007681205618593692,-0.0076611226679712385,-0.007673127147199775,-0.0073308718321065895,-0.007342065623211352,-0.007362342665819445,0.21134865546594295,-0.00808645009434345,-0.0076438717032208895,-0.007407088025183139,-0.007582695479641654,-0.007256680627192927,-0.0044468375207912265
55,1.6,-0.007575013531466035,-0.007568522832845156,-0.007578412776302167,-0.007248016481980952,-0.007256136508178716,-0.007276446286291994,0.21019754133352062,-0.007987200161541357,-0.00755377451957983,-0.007318375306686248,-0.0074907902695509985,-0.007168912113254424,-0.004373402731480623
56,1.62,-0.0074713301603728174,-0.0074775117041911525,-0.007486171212930098,-0.0071659374995169745,-0.007171262906202924,-0.007191575147354719,0.20905084003579202,-0.007890014596024312,-0.007465785772610641,-0.007231834437604541,-0.007400624270689603,-0.007082129054748442,-0.004301085025290961
57,1.6400000000000001,-0.007369854951413347,-0.007388277789777986,-0.007395212601616771,-0.007085181877297212,-0.007088501604766977,-0.007108510376455749,0.2079107117484063,-0.007794188117099187,-0.007379016817482589,-0.007146421849712086,-0.007311674835188624,-0.006997583390824617,-0.004230588215092171
58,1.66,-0.007270079042964873,-0.007300178308462216,-0.007306194522242152,-0.007006320818349535,-0.007006879939469134,-0.007026687611654234,0.20677891176123286,-0.007699553374943298,-0.007294056978821919,-0.007062457867930566,-0.007225476514133146,-0.006914123714107792,-0.004161245474602923
59,1.68,-0.007172521071557752,-0.007214793098541318,-0.007219183894960218,-0.00692843435566736,-0.006927168560188024,-0.006946555564579674,0.2056581780958634,-0.007607077499179242,-0.007210324847938798,-0.006980695049753438,-0.007140223522625422,-0.00683274609467735,-0.004093714615442564
60,1.7,-0.007078994984231685,-0.007129305846466961,-0.007132886330741678,-0.006850977423756658,-0.006848204271457663,-0.006867317047402034,0.2045441565931732,-0.007515134688882191,-0.007127488447072252,-0.006899127697706264,-0.007055862626337169,-0.006751873670190833,-0.004027039379795851
61,1.72,-0.006985847919727534,-0.007046443805674227,-0.007048790660457705,-0.006775819786123926,-0.006770942383630341,-0.006790277471377884,0.20343822119298458,-0.007425222607143206,-0.007047221647619705,-0.006820595355735776,-0.006974491982121695,-0.006673600346699031,-0.0039623662790168
62,1.74,-0.0068946686061463845,-0.006964979373019413,-0.006966723099936328,-0.006702032517420289,-0.00669527531050388,-0.006714406906635529,0.2023426527074468,-0.007337271147742918,-0.006967822523533179,-0.006742664532798743,-0.006894382215173618,-0.0065962654262755075,-0.0038987284563734978
63,1.76,-0.006804798737631989,-0.0068855108453754164,-0.006885906792054219,-0.006629266853526587,-0.006621388811137063,-0.006640023911259417,0.20125504882527812,-0.007250368682500418,-0.006890081162148024,-0.00666641801781779,-0.006815971879634177,-0.006520704105660693,-0.0038364596459305417
64,1.78,-0.006717726050683843,-0.006806932269150931,-0.006807130491013264,-0.00655765481454326,-0.00654816514356686,-0.006566975659306441,0.20018095275363387,-0.007164839216639678,-0.006814062120859653,-0.0065918557318610784,-0.006738201481725727,-0.006446692397084113,-0.003775314496214895
65,1.8,-0.006632377424405915,-0.006730020813264084,-0.00672906078287214,-0.006487214674173987,-0.006476644181250752,-0.006495102364506026,0.1991155749939649,-0.007080470420426096,-0.006738884450832002,-0.00651833376289698,-0.0066623659968484215,-0.006373838738095187,-0.00371609319601137
66,1.82,-0.006548233373118573,-0.006654415370313512,-0.006653126907492251,-0.006418256632014807,-0.006406338913763945,-0.006424674368544434,0.19805979892977524,-0.006998136609050574,-0.006665366063856518,-0.006446422471966946,-0.006588442503870599,-0.006302305917183304,-0.0036575371518792984
67,1.84,-0.006466407676041404,-0.006580454138647458,-0.006578222530246564,-0.006350681170186151,-0.006337478506075168,-0.00635598284549529,0.19701504987259266,-0.006916845043441569,-0.006593401023855876,-0.0063754658908330795,-0.006515582783281664,-0.0062319852044773185,-0.0036004044097434065
68,1.86,-0.006385622298063571,-0.006507962672442897,-0.006504885406024051,-0.006283836496112904,-0.00627002190843198,-0.006288010375902355,0.1959796660530121,-0.006837145899297619,-0.006522522064741123,-0.006306117185933916,-0.006444098696319254,-0.006163576503193103,-0.0035444621584615624
69,1.8800000000000001,-0.006306923514688783,-0.006436640644201492,-0.00643301845933779,-0.006218041464646372,-0.006203357444453113,-0.006221443605382099,0.19495909981135112,-0.006759433203090955,-0.006452933652838042,-0.006238462066852574,-0.006374377083708913,-0.0060961402519868115,-0.003489871507746889
70,1.9000000000000001,-0.006229554987419996,-0.0063665397524514345,-0.00636274222149232,-0.006154268398899385,-0.006138479447436614,-0.006156237763430731,0.19394661106749778,-0.006682616597712063,-0.006385029766304717,-0.00617153642135367,-0.006305787110823497,-0.006030047890325069,-0.0034359319424510947
71,1.92,-0.006154232369886004,-0.00629844830224155,-0.006293633625138222,-0.006090555166996952,-0.0060746772583694,-0.006091925427640554,0.19294707115658724,-0.006607181632644491,-0.006318202055835173,-0.006106099676669098,-0.006238122868654231,-0.005965272434474168,-0.003383348856328043
72,1.94,-0.006080283354817959,-0.0062309900220299955,-0.006225809641079983,-0.00602859484071681,-0.006012120430424108,-0.006029212684034168,0.19195423909491358,-0.006533210283658337,-0.0062526981911389615,-0.006041882110769658,-0.0061722891277221255,-0.005901773326530951,-0.003332176366703288
73,1.96,-0.006007548792175227,-0.006165226295745091,-0.006159590166574787,-0.005967609698758409,-0.005950256651826889,-0.005967487350055317,0.19097517440198516,-0.006460638177204763,-0.006188063384660869,-0.005978843807038268,-0.00610755029006443,-0.005839055747998355,-0.0032815747427500427
74,1.98,-0.0059366655182136185,-0.0061007676550175844,-0.0060943521443096145,-0.005907771384302723,-0.005890193032618795,-0.005906849915063147,0.19000835661155563,-0.00638950044834493,-0.006124694178720136,-0.005917178262803264,-0.006044039062151502,-0.005778112051153827,-0.00323238510418646
75,2.0,-0.0058671766376731235,-0.006037118465346893,-0.006030365883808113,-0.005849060307085486,-0.005830794067521551,-0.005847219258054766,0.1890539739263405,-0.006319724640038989,-0.006062948501956039,-0.005856573199696122,-0.005981813369418968,-0.00571823743788394,-0.003184023244315446
