,tau_factor,USA,EUR,JAP,CHN,BRA,IND,CAN,KOR,RUS,MEX,ROW,pop_weighted,negishi
0,0.5,-0.09686332887429043,0.14108731865377025,-0.10116720377685756,-0.07295727915890347,-0.06689305834228423,-0.06788305471389897,-0.08037026739521815,-0.09404161679612054,-0.04687930172743615,-0.07190323714311182,-0.07103542762335138,-0.06542715995710935,-0.03703022621982569
1,0.52,-0.09741106502082435,0.14070832534095218,-0.10096877604573097,-0.07446021094411381,-0.06853280603616145,-0.06919802516259341,-0.08124954877006955,-0.09506003121106704,-0.04882147614049306,-0.07286448959460722,-0.07216390525935273,-0.06668230381512574,-0.03786050016655377
2,0.54,-0.09787507009581281,0.14038442875832224,-0.10072176421426847,-0.07588808332418323,-0.0703145182882117,-0.07066929745997316,-0.08220422177857435,-0.09616864285736716,-0.05107989148027232,-0.0739186754771555,-0.07347093382193323,-0.06806610416767114,-0.03870334141441241
3,0.56,-0.09823203694051531,0.14007587311031747,-0.10042121124325891,-0.07720947701510178,-0.0721648634913083,-0.07225068737748178,-0.08322473496510709,-0.09731233803757203,-0.05360157834505684,-0.0750540147503734,-0.07492440166660291,-0.06954689040110046,-0.03953642307010539
4,0.58,-0.09846139405918412,0.1397367515324687,-0.10006525634124934,-0.07840524605115999,-0.0740199822850266,-0.07388419747190055,-0.08427856298793644,-0.09843956546895968,-0.056328254071848174,-0.07624609746439735,-0.07647828558987439,-0.07108472582342538,-0.04034761003841134
5,0.6,-0.09855883395537941,0.13932750333779076,-0.09965148360661912,-0.07946084179684851,-0.0758043220801275,-0.07551529415684938,-0.08533377449842391,-0.09949596758507778,-0.059180018516991964,-0.07746208007415861,-0.07808747258718186,-0.07263326509424878,-0.041119410108704874
6,0.62,-0.09850681827867032,0.1388131300691765,-0.09918629266793563,-0.080369073994507,-0.07746297976788084,-0.07708535847279314,-0.08635378915394423,-0.10042624570618902,-0.06209010549679298,-0.07866945861192842,-0.07969149209431482,-0.07414091766956427,-0.04183834401389852
7,0.64,-0.09505497888948522,0.1340115395149583,-0.09941618145500689,-0.07895869569626823,-0.07961508745424561,-0.0792418571768933,-0.08746935454683213,-0.10186731274779452,-0.06605429298161725,-0.07980093109140501,-0.08187804390195641,-0.07591383838256167,-0.0425900787594315
8,0.66,-0.09446869509585734,0.13320481543538523,-0.0987213599661486,-0.07935415463089825,-0.08081354821834855,-0.0804633719357853,-0.08824966845722777,-0.10235047064631161,-0.06875849946245399,-0.08083356831616725,-0.08324716051605696,-0.07713264317144262,-0.04303892543530038
9,0.6799999999999999,-0.09376160131355042,0.132253159732637,-0.09797696847829371,-0.07961230574427541,-0.08180153146425535,-0.08151024376601486,-0.08890334002398453,-0.1026173360834727,-0.07129613846050877,-0.08177458048251283,-0.0844761620462409,-0.07820925727911365,-0.04340460100096244
10,0.7,-0.092952545358315,0.1311498206554834,-0.09717744617872401,-0.07974324742000577,-0.08258030137253285,-0.0823730409013714,-0.08940455140231623,-0.10266527910347026,-0.07362209923817879,-0.08260479019392371,-0.08553166126821839,-0.07912259517213566,-0.04368932225576475
11,0.72,-0.0920548494898706,0.12990087391830593,-0.09633248767472673,-0.07975906463764826,-0.08315726648679533,-0.08304816816787712,-0.0897391208949658,-0.10249825662611321,-0.07569865579203218,-0.08331073711295468,-0.08640023048409873,-0.07986714533837243,-0.04389806023634424
12,0.74,-0.09107914909943177,0.12850764160618586,-0.09544206475848552,-0.07966403375243981,-0.08354705478978161,-0.08353879246199744,-0.08990275156387895,-0.1021375539022236,-0.0774986981645206,-0.08388082069452883,-0.08707034953652278,-0.08043297552901087,-0.04403246842910134
13,0.76,-0.09004004036871793,0.12697689839633416,-0.09451717143005464,-0.07947433243530966,-0.08376389008158275,-0.08385237791358388,-0.08989056543737867,-0.10159845036892945,-0.07901165448200903,-0.08430534354508772,-0.08754257332863971,-0.0808276929104928,-0.044096274727483384
14,0.78,-0.08894992716125391,0.12532480850259467,-0.09355744861326108,-0.07919549306982598,-0.08382887776148841,-0.08400617089589438,-0.08971708223995567,-0.10090780498603438,-0.08024277054857061,-0.08458295184030604,-0.08782340226905096,-0.08105815056102983,-0.04409767785624476
15,0.8,-0.08781972250531966,0.1235659436956784,-0.09257159305050973,-0.07884206185154252,-0.08375516944571576,-0.08401183463305024,-0.08938780778291834,-0.10008263605481214,-0.08120181968092874,-0.08471885417234577,-0.08792800158243118,-0.08113542669812668,-0.04404286609620286
16,0.8200000000000001,-0.08665835800947626,0.12171651271250798,-0.09156397860562822,-0.07841525078024371,-0.08356403373958572,-0.08388578952454644,-0.08891869881021398,-0.0991529936615091,-0.08190480840702301,-0.08471403447726593,-0.08786826405442824,-0.08107440322243943,-0.04393816009923678
17,0.8400000000000001,-0.08530749646851349,0.11991362272349801,-0.09051580886567716,-0.07871544647526053,-0.08326229116258073,-0.08362791039167357,-0.08831508911715982,-0.09810373673258466,-0.08235538299091223,-0.08455831800794068,-0.08766227860598864,-0.0809726019803205,-0.04390509690860887
18,0.86,-0.08353994362685417,0.11834899477923172,-0.08943565964781201,-0.08113696053310233,-0.08289279908577597,-0.08327330623293693,-0.08760156060739492,-0.09694031794077376,-0.08258153391549279,-0.08427200949978395,-0.0873547596755093,-0.08102502484375841,-0.044185995895391496
19,0.88,-0.08239046344266343,0.11630657389675352,-0.08843014309567902,-0.08065297014183076,-0.0824673864926994,-0.08288108379396168,-0.08686779893061414,-0.09583889052194847,-0.08270257262782392,-0.08395408120433474,-0.08695062154692865,-0.08067962119171336,-0.044023196800312824
20,0.9,-0.08124150986439115,0.11423680256605352,-0.08741750657462295,-0.08012721916420673,-0.08197972843881056,-0.08241579740608145,-0.08606370061934827,-0.09470314105461712,-0.08266832853489826,-0.0835434353744845,-0.08645685726665958,-0.0802565612885808,-0.0438334118332713
21,0.9199999999999999,-0.08009713962197647,0.11215755543189697,-0.08640532869948632,-0.07956675264452241,-0.08143959596274808,-0.08188780946627633,-0.08520841522403083,-0.09354364041608298,-0.08250058629606656,-0.08305035358321503,-0.08588617993843281,-0.07976743615218061,-0.04362044658573274
22,0.94,-0.07896514438007864,0.11008079915218172,-0.08539659214854274,-0.07897823579806018,-0.08085688308438035,-0.0813126792300324,-0.08431555646962384,-0.09236611694286342,-0.08222084884698029,-0.08249218157675302,-0.08525328620984014,-0.0792232675285559,-0.043388309651753755
23,0.96,-0.07784503175503442,0.10801853296137368,-0.08439894194245315,-0.0783680045394706,-0.08024185454729402,-0.08069856732188521,-0.08339760210841955,-0.09119264169607665,-0.08185142318876741,-0.08188201568657674,-0.08457720645173843,-0.07863792941946843,-0.04314165332880824
24,0.98,-0.07674392862335865,0.10597816643234365,-0.08341120977269388,-0.07774263774794914,-0.07960189040538947,-0.08005599270263467,-0.08246779204210986,-0.09002545964170258,-0.08140753994953286,-0.08123266030542213,-0.08386274983253549,-0.07801968993402521,-0.04288498833472775
25,1.0,-0.07566434500434312,0.10396726287785123,-0.08243998027820038,-0.07710602593979876,-0.07894639512585025,-0.07939180716686739,-0.08153243829342485,-0.08887073181791112,-0.08090578116817915,-0.08055466365924153,-0.08312531703691903,-0.07737980816226107,-0.042620448232214246
26,1.02,-0.07461129172083336,0.10199296562842015,-0.08148602732341872,-0.07646465461090894,-0.07828001830532927,-0.07871411233564453,-0.08060105680352073,-0.08773323524654598,-0.08035999425438733,-0.07985481434316785,-0.0823708453663511,-0.07672366522646192,-0.042352211993556634
27,1.04,-0.07358461367069259,0.10005817991823357,-0.08055336690452926,-0.07582257753514839,-0.07760815405046877,-0.07803038831602321,-0.07968077434364113,-0.08661806860526274,-0.07978083064980492,-0.07914544842953508,-0.08160735109520037,-0.07605879738746114,-0.042082300259345576
28,1.06,-0.0725864791096249,0.09816517490096406,-0.07964305003324644,-0.07518287014103839,-0.07693858143314498,-0.07734547423331396,-0.07877566379678647,-0.08552889059630002,-0.079179449262474,-0.07843194655127256,-0.08084254720721001,-0.07539075898369264,-0.041813567411644395
29,1.08,-0.07161924778459373,0.0963172237184003,-0.07875738602307583,-0.07455005173415578,-0.07627175272630002,-0.07666337656557973,-0.07788962761773209,-0.08446741569580944,-0.0785647037581488,-0.07772002206809801,-0.080081026935265,-0.0747263520368725,-0.04154768754169412
30,1.1,-0.07068304109820243,0.09451732503549148,-0.07789757272265384,-0.07392628280414679,-0.07561295485306253,-0.07598895442048452,-0.07702642305328088,-0.08343604307743349,-0.07794056217463445,-0.07701420017284291,-0.0793274880635453,-0.07406731687326984,-0.04128648881394642
31,1.12,-0.06977809284506603,0.09276649517117017,-0.07706496896329118,-0.07331434905027268,-0.07496566177178438,-0.07532512086544026,-0.07618907784270308,-0.08243746706873095,-0.07731672489811844,-0.07631966979421238,-0.0785861020321688,-0.07341802237097933,-0.04103180377658045
32,1.1400000000000001,-0.06890668738161526,0.091060969711718,-0.07626078420009612,-0.07271461741441962,-0.07433090013922077,-0.07467507228681211,-0.075377740617485,-0.08147248357875835,-0.07669628636516711,-0.07563937529729639,-0.0778589881773699,-0.0727818004539304,-0.04078512355874134
33,1.1600000000000001,-0.06806774895323693,0.089404244745107,-0.07548354927321446,-0.07212883013678707,-0.0737112767142024,-0.07404005513876478,-0.07459467843369501,-0.08054033912558548,-0.07608265040297141,-0.07497500849687502,-0.07714949512374739,-0.07216004137069805,-0.040546888944723705
34,1.1800000000000002,-0.06726024363506355,0.08779204377482107,-0.07473504789625529,-0.07156156248677764,-0.07310816978535922,-0.07342188258373371,-0.07383988043959797,-0.07964208735149364,-0.07547969769555533,-0.0743299027195384,-0.07645880499599937,-0.0715549955262336,-0.0403181244916964
35,1.2000000000000002,-0.06648446476937908,0.08622540184439857,-0.0740156373089831,-0.07101149349864175,-0.0725229778687935,-0.07282253837931565,-0.07311437777632278,-0.07877727869526326,-0.07489057478549863,-0.07370323733964904,-0.07578805418611827,-0.07096700976620948,-0.04009984110825079
36,1.22,-0.06573999864275504,0.08470040293186254,-0.07332364264185527,-0.07047899755393887,-0.07195578511610615,-0.07224162008424112,-0.07241726766105634,-0.07794541560217248,-0.07431478700609809,-0.07309739408964838,-0.0751390222243972,-0.07039790253280448,-0.039891638035803624
37,1.24,-0.06502591132776189,0.08321926144637697,-0.07265978253888686,-0.0699643403080965,-0.07140745719620262,-0.07168076746817108,-0.07174844558875251,-0.07714664172557269,-0.0737556882908766,-0.07251281246073607,-0.07451054750431717,-0.06984781833045837,-0.03969487279979714
38,1.26,-0.06434173514079994,0.08177654904054484,-0.07202208729276269,-0.06946786562825294,-0.07087823894692524,-0.07113990828163856,-0.07110758408186395,-0.07637902429278709,-0.07321351261526007,-0.0719493157660103,-0.07390484113695067,-0.06931680409775982,-0.03950898801594303
39,1.28,-0.0636862287236638,0.08037428238647767,-0.07141070104156579,-0.068988695938854,-0.07036732385105947,-0.07061864633588424,-0.07049446560124499,-0.0756421027283294,-0.07268878121556878,-0.07140664870504436,-0.07332109764667266,-0.06880578405120746,-0.03933334038660236
40,1.3,-0.063058728036559,0.07901084033880444,-0.07082551328409041,-0.06852839775638414,-0.06987561433750482,-0.0701169052562666,-0.06990728019886334,-0.07493527838999921,-0.07218183402746091,-0.07088465727796507,-0.0727581032727198,-0.06831344003202476,-0.03916959040740455
41,1.32,-0.06245738527448115,0.07768201572755057,-0.07026469015065243,-0.06808497034629564,-0.06940239633735575,-0.06963443601766316,-0.06934492174718394,-0.07425650366929835,-0.07169253335762654,-0.07038343680975803,-0.0722162422305823,-0.06784031905529421,-0.03901558510160407
42,1.3399999999999999,-0.06188229723290817,0.07638756959431008,-0.06972694716527104,-0.067658627777531,-0.06894705624251377,-0.0691706150275158,-0.06880717224126945,-0.07360613701220461,-0.0712205168387385,-0.06990173859030717,-0.07169601486070266,-0.06738547234782498,-0.0388722302510298
43,1.3599999999999999,-0.0613316187839817,0.07512535154819709,-0.06921339683495555,-0.0672489669855628,-0.06850936489238553,-0.0687253178104275,-0.06829281890248326,-0.07298196799377982,-0.07076573827846587,-0.06943914632770218,-0.07119557586619409,-0.06694922189434613,-0.03873851118210606
44,1.38,-0.06080422033494669,0.0738956329979924,-0.06872066011912985,-0.06685570393017647,-0.06808824907934646,-0.06829787052306509,-0.06780094341479528,-0.07238269385015836,-0.07032789555341534,-0.06899562042238151,-0.07071465277025839,-0.06652984309605053,-0.03861423345983608
45,1.4,-0.060299145451164805,0.0726978006162838,-0.06824867577015055,-0.06647746330336839,-0.06768412743230381,-0.0678876182290537,-0.06732991616060115,-0.0718076410018456,-0.06990571183242605,-0.06856979031477402,-0.07025291425768719,-0.06612721845131275,-0.03849926756461814
46,1.42,-0.059815507176169354,0.07152992482651838,-0.06779688338687477,-0.06611431541479784,-0.06729566644877415,-0.06749354737128618,-0.06687984738905055,-0.0712557610973152,-0.0695001532093126,-0.06816133248358866,-0.06980914533727829,-0.06574128208837815,-0.03839312323439862
47,1.44,-0.05935189235742779,0.07038841417235268,-0.06736446031202041,-0.06576574593881954,-0.0669223607711989,-0.06711541652144934,-0.06644894372295343,-0.07072558209320909,-0.06910952215426205,-0.06776850565126206,-0.0693824342653995,-0.06537096502125853,-0.03829491291852356
48,1.46,-0.0589077383328906,0.06927295963744715,-0.06694956241053712,-0.065430553275357,-0.06656344369995522,-0.0667524891801799,-0.06603564945835913,-0.07021707101334744,-0.06873384197667996,-0.06739176301262953,-0.06897283933197199,-0.06501502627032814,-0.03820512525174884
49,1.48,-0.058481875491248864,0.06818624748543825,-0.06655218400890592,-0.06510839314059214,-0.06621870510341687,-0.06640336428581853,-0.06564000976825253,-0.06972716817737279,-0.06837187942875231,-0.06703029106701472,-0.06857921263290113,-0.06467346158047527,-0.03812213400507709
50,1.5,-0.0580736984576852,0.06712393282837545,-0.06617015183937194,-0.06479845843204257,-0.06588637339584703,-0.06606819550524692,-0.06525920769192253,-0.06925621783133337,-0.06802301869818386,-0.06668200929680039,-0.06820012433172276,-0.06434532958316547,-0.03804600172299064
51,1.52,-0.05768162614469388,0.06608623857346099,-0.06580483432084665,-0.06450067023237269,-0.06556739570276722,-0.06574605517378654,-0.0648957111813945,-0.06880345001957928,-0.06768701795022236,-0.06634789596738955,-0.06783580870448007,-0.06403048740797385,-0.037976740989903696
52,1.54,-0.05730470563089522,0.06507169311714107,-0.06545344356352635,-0.06421384439878403,-0.06526018851796855,-0.06543655655990119,-0.06454652169361792,-0.06836731517791098,-0.06736344499096124,-0.0660264087072653,-0.06748594584995339,-0.06372762339287188,-0.03791340772258617
53,1.56,-0.056942838785872155,0.06408137114986556,-0.06511586684538101,-0.0639380567488401,-0.06496417584146186,-0.06513863340683367,-0.0642116849131777,-0.06794769448903419,-0.0670512163302316,-0.06571695592023505,-0.0671490002464065,-0.06343630848083434,-0.03785612162223538
54,1.58,-0.056594665461764206,0.06311254620874343,-0.06479163972507344,-0.06367210977008936,-0.06467922253100016,-0.06485189963713822,-0.06388969111350719,-0.06754315283057491,-0.06674979977140341,-0.06541878132135978,-0.06682380170177744,-0.0631563229212511,-0.03780343871313166
55,1.6,-0.05625998503559252,0.062164398992615305,-0.06447990403294451,-0.06341594189180737,-0.06440459090082783,-0.06457562975052228,-0.06358022088109148,-0.06715321072251104,-0.06645920589708773,-0.0651314404569414,-0.06651084603898996,-0.06288694278375682,-0.037756054761870515
56,1.62,-0.05593744190949965,0.06123736565340586,-0.06417984221262664,-0.0631686131801642,-0.06413982248297324,-0.06430929936486485,-0.06328239213508063,-0.06677709923877952,-0.06617836519317886,-0.06485448570138358,-0.06620900280109672,-0.06262725898854124,-0.03771310194060752
57,1.6400000000000001,-0.05562715050075515,0.06032988943247106,-0.06389102047639085,-0.06293012118099921,-0.06388407534937193,-0.06405254309279075,-0.06299538040094421,-0.06641401852706127,-0.06590718306454163,-0.06458743640467922,-0.06591793309226718,-0.06237692500717682,-0.03767461371818259
58,1.66,-0.0553277271376967,0.059443986105796466,-0.06361238553377721,-0.06269977217885209,-0.06363734116367402,-0.06380458552547365,-0.06271925993920209,-0.06606309172953981,-0.06564462439969594,-0.06432904573022989,-0.06563738167781406,-0.06213549235284811,-0.03763994364300744
59,1.68,-0.05503945283861895,0.05857529795534806,-0.06334438978997745,-0.062477336169418876,-0.06339843348627652,-0.06356542493673138,-0.06245302385037497,-0.06572459566853046,-0.06539058435157459,-0.06408012446654897,-0.06536586830521364,-0.06190264623483008,-0.03760877329933044
60,1.7,-0.05986967948206951,0.06016914459404838,-0.06135887369326201,-0.06055698298883954,-0.061460901660973885,-0.061626790589760075,-0.060510986068556843,-0.06362778542375604,-0.06331046554321337,-0.062112336412004164,-0.06335352566074898,-0.059979531587169066,-0.036844975125528194
61,1.72,-0.059635862025840876,0.05930994840176955,-0.061131774838540556,-0.06037023704489954,-0.061260227657338184,-0.061425908686774534,-0.060286324903936095,-0.06333320589832245,-0.06309679879918079,-0.06190234245539864,-0.06312379464470179,-0.05978536583252113,-0.03684586067327786
62,1.74,-0.05941053904191959,0.058469125735658246,-0.060912264661303846,-0.06018974488254995,-0.06106659624559592,-0.06123167665294189,-0.060069844786889606,-0.06304895679706835,-0.06289004992278194,-0.06169939512215218,-0.06290156112526826,-0.05959815663044298,-0.03684930289756104
63,1.76,-0.05919310658754995,0.05764585255801519,-0.060701323133316124,-0.06001540949775272,-0.06087903726115535,-0.06104384835005711,-0.05986091761075412,-0.06277391991138578,-0.06269026385399575,-0.06150337290108685,-0.06268675484454372,-0.059417379916168626,-0.03685474896453292
64,1.78,-0.05898376286469518,0.056840485204550546,-0.06049701170134865,-0.05984669055474607,-0.06069815495586848,-0.06086264830204906,-0.05965899521567872,-0.06250830448668555,-0.06249624486073003,-0.061313640269540996,-0.06247926414642329,-0.059243105913246476,-0.03686255075030609
65,1.8,-0.058783240822130524,0.05605015400290048,-0.060299480488852655,-0.059682963288123794,-0.060521859559711164,-0.060686720235056675,-0.059463664395430355,-0.062249120553237135,-0.06230803215526752,-0.06112951710986825,-0.06227812966453391,-0.059073725639084584,-0.03687164951741075
66,1.82,-0.058588319058164494,0.05527859627554565,-0.060108923306906314,-0.05952516073370425,-0.060352191941517135,-0.06051660353530939,-0.05927546367997457,-0.062000126735727946,-0.06212573412193939,-0.06095151416552253,-0.0620838011535694,-0.05891056615260453,-0.03688279460035904
67,1.84,-0.058399705517367735,0.054519009750145425,-0.05992496280444552,-0.05937185357961702,-0.0601874076884935,-0.06035223013115035,-0.05909349114364308,-0.06175973761633114,-0.061949015543458205,-0.06077933866935706,-0.0618955352587699,-0.058753011598455605,-0.036895675880878186
68,1.86,-0.058217452240895216,0.05377652997149255,-0.05974662889836456,-0.05922361867793071,-0.060028023218163765,-0.060192806488289854,-0.058917249282367516,-0.061526280584869114,-0.06177739283180547,-0.06061199922824111,-0.06171286077336664,-0.05860022294958568,-0.03690963284839917
69,1.8800000000000001,-0.05804110420036618,0.05304773305307132,-0.059574185894065844,-0.05907978684543138,-0.05987303706374343,-0.060038334943174274,-0.058746696888558894,-0.06130017338249198,-0.06161064985842454,-0.06045003170127086,-0.061536048571415945,-0.058451952284126904,-0.03692489739142492
70,1.9000000000000001,-0.05787046741875728,0.05233561357231613,-0.05940709182727855,-0.05894009507113302,-0.059722895581739176,-0.05988829566676888,-0.05858158659698696,-0.06108119829342765,-0.06144854090168015,-0.06029244434701794,-0.06136436843381402,-0.05830860232491599,-0.036941183967975556
71,1.92,-0.05770526381347281,0.051636349404688746,-0.05924524306452655,-0.05880431544437172,-0.059576907555228154,-0.059742416600166603,-0.0584214390718819,-0.06086890647793812,-0.0612914216112583,-0.06013968489491831,-0.06119781019771291,-0.05816951830967183,-0.036958132381445324
72,1.94,-0.05754501774809803,0.05095245199746841,-0.05908841496923207,-0.058672664710355066,-0.059435106005317644,-0.05960084206149056,-0.0582663411447436,-0.060662933582199235,-0.06113775005247323,-0.05999115847183021,-0.06103599698819111,-0.05803418985755327,-0.036976299967010684
73,1.96,-0.057390002541379916,0.05028151421538828,-0.05893598286386167,-0.05854488533737098,-0.05929745854792281,-0.0594634564274781,-0.0581154837175632,-0.06046315970812585,-0.06098862399063276,-0.0598467302729028,-0.06087870847025165,-0.057903037359327385,-0.03699496150132137
74,1.98,-0.0572393846484033,0.04962291608353904,-0.05878821992268978,-0.05842030983843611,-0.05916324222940934,-0.05932957263479094,-0.05796923422653862,-0.0602692040013057,-0.06084321529039212,-0.059706152821137844,-0.06072573753870301,-0.05777572677308749,-0.037014668363256356
75,2.0,-0.05709320688258229,0.04897863592517089,-0.058644529360296044,-0.05829897876374548,-0.059032960579406206,-0.059199339500241026,-0.05782720608702873,-0.06008096129709633,-0.060701558685166114,-0.05956926702587825,-0.060577073023463976,-0.057651987302849664,-0.03703447920035817
