,tau_factor,USA,EUR,JAP,CHN,BRA,IND,CAN,KOR,RUS,MEX,ROW,pop_weighted,negishi
0,0.5,0.19046705311565038,-0.14341046997432524,-0.17569097141526324,-0.1168157524570512,-0.12352706733978451,-0.12494999090853805,-0.08850143978474816,-0.1509109104533758,-0.13206469638670346,-0.04959768725178776,-0.12664369520647947,-0.12226641096337754,-0.07783045633686014
1,0.52,0.1857339031811572,-0.14659691196804936,-0.17687898669518928,-0.11951675264077878,-0.12686192769378227,-0.12781474138898066,-0.09304740518600471,-0.15427784509054518,-0.1347773261970651,-0.05396764641860424,-0.12989320464921136,-0.12537483201241148,-0.08097096072781132
2,0.54,0.18111301012175052,-0.149876699984267,-0.17808017913571156,-0.12232218726783628,-0.1304600074845898,-0.13092321494204376,-0.09830683673739485,-0.15786812384820356,-0.1377135118536624,-0.05907174029192785,-0.13345556636904182,-0.12873107983836318,-0.08425768670332062
3,0.56,0.17660101020504618,-0.15320905459711953,-0.17930472259574018,-0.12521301379261782,-0.13425595151859016,-0.13425126667407575,-0.10421206650216498,-0.16162604933284477,-0.14085589775286003,-0.06485780834249502,-0.137282154598616,-0.13232445911043256,-0.08766487825516131
4,0.58,0.17219682286386961,-0.1565373649824783,-0.1805403245727662,-0.12815739033178863,-0.13818919845970193,-0.13775131046469352,-0.11066305818940916,-0.16547163370136753,-0.14417561230428805,-0.07122664388530849,-0.14134012065352683,-0.1360934244212162,-0.09114855875729712
5,0.6,0.16787226731519336,-0.1598108428769171,-0.18179241067197796,-0.13112275809085966,-0.14218060916743516,-0.14136869192828028,-0.11753635187953361,-0.16932860569851052,-0.14763005405869198,-0.07808370810563467,-0.14555859862927323,-0.1399899920295806,-0.09467627127683774
6,0.62,0.16207667505117113,-0.16256679078092234,-0.17944854546692732,-0.13507797556031761,-0.1457872783400537,-0.1446859219334419,-0.12448209639036775,-0.17263677271800199,-0.15076020517078378,-0.08518142718151822,-0.14947855105261432,-0.14376629202676336,-0.09825688105627252
7,0.64,0.15584353338002505,-0.1628949297861689,-0.1805390429305972,-0.1397715023906948,-0.14935915962084412,-0.148008307353715,-0.13175656954908066,-0.17594869083579848,-0.15372863271639128,-0.09273843321350164,-0.15351988614707276,-0.1476539579871893,-0.10179663267271588
8,0.66,0.151937992058398,-0.16619166270439575,-0.18223172829334486,-0.14299161937282984,-0.15336308028135076,-0.1518641326515681,-0.13920917946485734,-0.17961757821122432,-0.157557022830813,-0.10046337231624822,-0.1580294583660951,-0.15182105348203778,-0.10544991855735311
9,0.6799999999999999,0.14800930859644443,-0.16932128553397452,-0.18389783258393722,-0.14612949192565355,-0.15719397086867676,-0.15561743447423892,-0.14655971386968913,-0.18304883730383825,-0.16131460739159836,-0.1082633172386339,-0.1624268315046991,-0.15588221716939563,-0.10901643753862172
10,0.7,0.14403382063167977,-0.1722731667618425,-0.18551952770432192,-0.14916875131848922,-0.16083963707184712,-0.15923379447379585,-0.15368185830196857,-0.18620518928699895,-0.1649595898978079,-0.11605091819458348,-0.16665344709168825,-0.15979451326386793,-0.11247078634639567
11,0.72,0.13999435888358389,-0.1750500047831353,-0.18708971664355423,-0.15210072752520404,-0.16427519495086051,-0.16269291967692542,-0.16048598352218693,-0.18908862252599212,-0.16846031711674372,-0.12374330601839974,-0.17066727503757895,-0.16352874974868264,-0.11580735676066035
12,0.74,0.1375809075134381,-0.17791840640546136,-0.18796323099693135,-0.15833327032370084,-0.16780520005634675,-0.16624661819425576,-0.16706891512455824,-0.19191603546962088,-0.17208081361298336,-0.13139572610930814,-0.1747716469439711,-0.16773403049972124,-0.11959374373664745
13,0.76,0.13347248067032355,-0.18043725068644734,-0.18961642363392983,-0.16107936647076138,-0.17090799125741318,-0.16942114534269975,-0.17309874161483657,-0.19435481354362924,-0.175309573896463,-0.1387633810386195,-0.17837009595946904,-0.17112882003616584,-0.12273006986669474
14,0.78,0.1299947736257678,-0.1829491275483746,-0.19135855000405969,-0.1645187976127923,-0.17397844847731908,-0.17255982066653125,-0.17874600573814944,-0.19671707251189405,-0.17851520709420463,-0.1459187223389534,-0.18189628085438436,-0.174549750251747,-0.12589161697312562
15,0.8,0.12573575604004122,-0.18515331134405014,-0.1928683636305672,-0.16700936699942107,-0.1766909274435124,-0.1753631148171013,-0.1837592787634691,-0.19869569612890595,-0.18135743383661262,-0.15262777099988017,-0.184990896744365,-0.17751400847193977,-0.12876203391044516
16,0.8200000000000001,0.12143257751938005,-0.1872009161073163,-0.19429669352862186,-0.1693713246155885,-0.17921633198256978,-0.17797591288030182,-0.1882370616562974,-0.2004646505681325,-0.18400134054889647,-0.15892307508372572,-0.1878287366574457,-0.18026103827628803,-0.1314929051846486
17,0.8400000000000001,0.11731816334623225,-0.18895407608778853,-0.1956159386012822,-0.17256807667196572,-0.18155740598735162,-0.18039568666340264,-0.19217347453913394,-0.20201570970544608,-0.1864277687380132,-0.16473895804531,-0.19041869591417696,-0.18290210399806175,-0.13422404053626735
18,0.86,0.1139437286468415,-0.19086543640663584,-0.19713478507008222,-0.1762027304007938,-0.18399840039327392,-0.18290202383563375,-0.1958615185804835,-0.20368834756996002,-0.1889474223189776,-0.17029602685971412,-0.19306276189619337,-0.1856458390189334,-0.13699056771754647
19,0.88,0.10963525901537317,-0.19254256650110516,-0.19834400414208767,-0.17819479442950276,-0.18604211720548453,-0.1850234506377001,-0.19889224694706695,-0.20498120109543147,-0.19106633100181267,-0.17522525518393844,-0.19524052477168868,-0.18781865472451098,-0.1393342845143196
20,0.9,0.10536046655565827,-0.19408800547339217,-0.19946612760722934,-0.18006465550012443,-0.18792990186907207,-0.18698004262751275,-0.2014970413735561,-0.20613784953780803,-0.1930102891386242,-0.17968042631095993,-0.1972104525346412,-0.189808262533271,-0.14154351528933862
21,0.9199999999999999,0.10114015956094136,-0.195502137488103,-0.20049909059176393,-0.1818166803577565,-0.18966486984801997,-0.18878451276913275,-0.20371172904923354,-0.20716435179217876,-0.19479258809200548,-0.1836784001970975,-0.19899132688500143,-0.19162762039038939,-0.14362153937221595
22,0.94,0.0964405057493627,-0.19662746533073,-0.2012744749654617,-0.183747087597076,-0.1911001798976991,-0.1902834547008193,-0.20541502755259022,-0.20624769023278344,-0.19624057863390743,-0.18709722552632374,-0.2004271827308757,-0.1931755169515901,-0.1455887494802401
23,0.96,0.09240764959155867,-0.19783331870696585,-0.2021687490255707,-0.18530638547292305,-0.19258782652065182,-0.19182773893384777,-0.20699640530859229,-0.20712468544986076,-0.19775395681403815,-0.1902861726654312,-0.2018955714014133,-0.19470868338140246,-0.14743376257009172
24,0.98,0.08847343401367587,-0.19892442242056582,-0.202975281281725,-0.1867537791326534,-0.19394734331726618,-0.19323801981134817,-0.20830406932409798,-0.20789852093364125,-0.1991280733863404,-0.19310259112774533,-0.2032099541386606,-0.19609728530435364,-0.14915578803774399
25,1.0,0.0897452025732608,-0.20146831066826001,-0.20746000891080385,-0.18956926653894082,-0.19670559599579124,-0.19602231918348484,-0.21090500728665937,-0.21019862557692204,-0.20197097079177542,-0.19704166509066523,-0.20596403575236624,-0.1988543857057985,-0.15130527499554505
26,1.02,0.08581059613777221,-0.20221695116291824,-0.207859303867256,-0.19067900698010473,-0.19769669337972773,-0.19706046165877722,-0.211630194684279,-0.2106514048125097,-0.20295645323278888,-0.1990991572415129,-0.20686663035386077,-0.199853039584634,-0.1527136310325787
27,1.04,0.08201105614604122,-0.2028754133683852,-0.20819629858937397,-0.19169370903392313,-0.19858430899143842,-0.19799023719917513,-0.21217395111083248,-0.21102834350063385,-0.20383702183597427,-0.20088100677236803,-0.20765252941509915,-0.2007373454661122,-0.15401702362957945
28,1.06,0.07833722662202329,-0.2034470347158083,-0.20847200785167502,-0.1926180036358382,-0.19937449202617236,-0.19882201988195758,-0.21256343307281725,-0.21133301800352944,-0.2046137175861521,-0.20241587743116987,-0.2083292858890004,-0.20151724520469264,-0.15521984577064987
29,1.08,0.07479328128209393,-0.20393822566737402,-0.20868823723911437,-0.19345589564222906,-0.20007515815362517,-0.19955945165734928,-0.2128161184305876,-0.21157434116347623,-0.20529647017053282,-0.20373223243780525,-0.2089078225350368,-0.20220059066292909,-0.15632513139347715
30,1.1,0.071382356183184,-0.20435557233630672,-0.20884992104392597,-0.19421401843000527,-0.20068958334839276,-0.2002100252858005,-0.21295068989816615,-0.21175542719740817,-0.20589312612911054,-0.20485343508364343,-0.20939625376474374,-0.20279516917614193,-0.15734265782219234
31,1.12,0.06809820159179897,-0.2047040040805587,-0.20896151458793363,-0.19489572662948462,-0.20122710319689843,-0.20078164102297624,-0.21298731177315527,-0.21188109395052432,-0.2064098555984025,-0.20580275556361133,-0.20980254277035404,-0.2033077503387982,-0.15827421092688795
32,1.1400000000000001,0.06494239887747326,-0.2049886144863722,-0.20902542877147312,-0.1955064494473848,-0.20169225191528758,-0.20128053449628047,-0.21293907874283236,-0.2119561068337371,-0.2068513920988939,-0.20659998265327587,-0.2101332750640995,-0.2037441872415124,-0.15912773282388265
33,1.1600000000000001,0.06232475206751457,-0.2053292451727969,-0.20915986223836647,-0.19715343844330244,-0.20221182064011092,-0.20182879661631012,-0.21293805950694114,-0.21161293739784826,-0.20734022654149223,-0.2073812374337112,-0.21052131957917775,-0.20434274399656288,-0.1601445439634931
34,1.1800000000000002,0.05942037426715618,-0.2055154520131993,-0.2091559934518784,-0.19764205655862463,-0.2025656830313973,-0.2022121623706997,-0.21277034724588484,-0.2116489901703093,-0.20766777094621983,-0.2079402381376303,-0.21073794900139659,-0.2046623135038525,-0.1608657803290419
35,1.2000000000000002,0.056621687741939986,-0.20565221318648186,-0.20911237280763947,-0.19807224400466836,-0.20286042545397595,-0.2025374077247546,-0.21254749874830242,-0.21164315803637618,-0.2079379087171851,-0.20839301629194104,-0.21089669501659986,-0.20492302534195253,-0.1615218734642472
36,1.22,0.05393332882765745,-0.20574201544518805,-0.20903495319549686,-0.1984473759987975,-0.20310274891874971,-0.20280919288725702,-0.21228018669880055,-0.2115971196267256,-0.208153484224861,-0.20875266181165641,-0.21100483569208192,-0.20513102828055924,-0.16211808064166153
37,1.24,0.051351950464672974,-0.20578980126301727,-0.20892430228409978,-0.1987717374093575,-0.2032975780202584,-0.20303121017069561,-0.21197390923905604,-0.21151395992398042,-0.20831933136688927,-0.20902857070783057,-0.2110643450179929,-0.20528937803566152,-0.16265811963997798
38,1.26,0.04886533441134918,-0.20579838749099208,-0.20878623169115063,-0.1990493209960255,-0.20344767019951293,-0.20320835814640467,-0.2116346764179886,-0.21139862347600877,-0.20844091217576904,-0.20923152233112224,-0.21108214733827962,-0.20540354865022106,-0.16314666878198278
39,1.28,0.04647303652493517,-0.20577246131925483,-0.20862117036465622,-0.1992834249593923,-0.203557519740117,-0.2033445131417797,-0.2112681327886371,-0.21125216797458038,-0.20852008693790974,-0.20936940090943196,-0.21106170334684402,-0.20547698772854617,-0.16358697695750504
40,1.3,0.044169662725728746,-0.20571404119074999,-0.20843257898282638,-0.19947742427232062,-0.2036308173683198,-0.20344379975623822,-0.2108790338515051,-0.21107784421510392,-0.20856309456075867,-0.20945063283219828,-0.21100649654217735,-0.20551428974738414,-0.16398367690147744
41,1.32,0.041951732191741094,-0.20562777341793317,-0.20822284386739995,-0.19963432005556825,-0.2036705382699247,-0.20350746622864632,-0.21047098431968905,-0.21087709636994262,-0.2085712376294859,-0.20948201121910523,-0.21092023530892667,-0.20551789002083412,-0.16433939609888856
42,1.3399999999999999,0.03981570587297294,-0.20551436144320717,-0.2079936983366935,-0.19975646614589201,-0.20367993946619936,-0.20354131634770883,-0.21004753307164953,-0.2106533208369884,-0.20854790576140325,-0.20946732145842928,-0.2108065216749681,-0.20549111310209153,-0.16465749961474074
43,1.3599999999999999,0.03775305690532377,-0.20537783743786817,-0.20774798770820266,-0.1998475663152775,-0.20366145047912854,-0.20354516715967785,-0.20961121318115267,-0.2104080926094338,-0.20849653514772762,-0.20941333960855973,-0.2106673367268848,-0.20543746262068519,-0.16494052150469396
44,1.38,0.0357647840265603,-0.20521929101147363,-0.20748657070559662,-0.19990884053394511,-0.20361734719521937,-0.20352391404101064,-0.2091644202381786,-0.21014368035718115,-0.20841887975819956,-0.20932459970042208,-0.21050508069695897,-0.20535891368492515,-0.16519092172863858
45,1.4,0.033847492995711485,-0.2050417002999344,-0.20721176633555877,-0.1999442747156754,-0.20355060671028077,-0.20347807139975524,-0.20871014688534575,-0.20986077943143064,-0.20831848387162785,-0.2092048140823172,-0.21032320299113524,-0.2052577755076364,-0.16541232349175986
46,1.42,0.03198154018757454,-0.20484305219882598,-0.20692031170852682,-0.19995039971914064,-0.2034475564415878,-0.203406794074878,-0.20824506949394914,-0.20955741848500467,-0.20819125697886148,-0.20905322804466947,-0.21011913996187823,-0.2051310895816655,-0.16560463816140353
47,1.44,0.030174537800917056,-0.20462729619703224,-0.20661786546056146,-0.19993154956062598,-0.20333519771938754,-0.20329557370526607,-0.20777420071486835,-0.20923822910932718,-0.2080437827904958,-0.2088757319610909,-0.20989703162652545,-0.20498059744367764,-0.16577009701570292
48,1.46,0.028439246551414537,-0.20440328996367807,-0.2063105163748987,-0.1998982761469625,-0.20321150160100263,-0.20318746359376255,-0.20730568307364383,-0.2089114884982738,-0.20788489263150045,-0.20868243161390188,-0.20966664963015696,-0.20482309789091863,-0.1659155980135431
49,1.48,0.026766818107121282,-0.20416784315427314,-0.20599638843108775,-0.19984609475087808,-0.20307295187871088,-0.20306806464790894,-0.20683635845406134,-0.208573999536699,-0.20771114892452638,-0.20847122747632413,-0.20942394323870636,-0.20465345562536608,-0.16604010012329556
50,1.5,0.024905583439773733,-0.203839492285002,-0.20559347558275565,-0.19969550285885604,-0.20283903865839006,-0.20285243041651438,-0.20587538127704344,-0.20814153923566672,-0.20743888443700004,-0.20816029579894613,-0.2090871157676791,-0.20438865353066332,-0.16611114231590543
51,1.52,0.023344666247097436,-0.2035938019573448,-0.20527693784067447,-0.19961986347946636,-0.20268415636663786,-0.20271558262787928,-0.20543502917541673,-0.20779486831000252,-0.20724848690235018,-0.20792823210551112,-0.20883401771928028,-0.20420299366510428,-0.16620558178607378
52,1.54,0.021828586010618288,-0.20333909896617947,-0.2049544400637614,-0.19952849927612049,-0.20251713423870188,-0.20256503299538423,-0.2049942338934856,-0.2074392285036942,-0.20704670662722438,-0.20768294642609958,-0.20857218281923193,-0.20400655077721222,-0.1662827285771038
53,1.56,0.020361487814198043,-0.2030770574782605,-0.20462814413918215,-0.19942346611880551,-0.2023393060071536,-0.20240424264332285,-0.2045530738466285,-0.20707581108738837,-0.20683455431465353,-0.20742581848819133,-0.20830230411709774,-0.20379988570824828,-0.1663443778607253
54,1.58,0.018937573512372834,-0.20280777699158667,-0.20429742856740732,-0.1993059329943673,-0.20215218507773272,-0.20223277755622532,-0.20411295209253155,-0.2067064525486722,-0.20661294371379554,-0.20715782358547877,-0.20802531114771328,-0.20358455660792144,-0.1663916038139566
55,1.6,0.01755456011992234,-0.20253276786468702,-0.20396424916342415,-0.19917663043145084,-0.20195653536146438,-0.20205227792713015,-0.2036741171018488,-0.20633145339052816,-0.20638272954362508,-0.20688198634515986,-0.20774288699481372,-0.20336138085614663,-0.16642574187242729
56,1.62,0.016214215477430776,-0.20225281218307892,-0.20362870429956062,-0.1990366679217241,-0.2017531024441303,-0.20186326450609254,-0.20323710871932624,-0.20595235561835024,-0.20614610216864448,-0.20659843097111044,-0.20745569013955784,-0.20313117996172864,-0.16644713224660795
57,1.6400000000000001,0.014911261712558058,-0.20196871144470135,-0.203291143768504,-0.1988873396160751,-0.20154307848224087,-0.2016671359128958,-0.20280259259457836,-0.20556903984679856,-0.20590247719528332,-0.20630759686748112,-0.20716315021788304,-0.20289528426225473,-0.16645670010666097
58,1.66,0.013648650966174783,-0.2016812398164818,-0.20295269298373184,-0.1987291856915998,-0.2013265276502932,-0.20146435253787837,-0.20237107266153728,-0.205182889329775,-0.20565371815606187,-0.20601180993473284,-0.20686785918339007,-0.20265373587213387,-0.16645633450630037
59,1.68,0.01394715842429167,-0.20213137993054536,-0.20313623607586392,-0.1990792927677084,-0.2016217823368746,-0.20177290573016005,-0.20245277774288375,-0.20533003256880306,-0.20595529087778128,-0.2062337705016955,-0.20709871708860725,-0.20292191784460872,-0.16667220071424846
60,1.7,0.016872354460492244,-0.20376940924592718,-0.2041510773833183,-0.2002444836161667,-0.20273407553930675,-0.20289764578128167,-0.20334857261350792,-0.20632939920562712,-0.20713662237896835,-0.20728299081346155,-0.20817035502171213,-0.2040029706089146,-0.16721491856491408
61,1.72,0.015560994653956713,-0.2033490631018914,-0.20371553319126734,-0.19997131626226253,-0.2024088324985568,-0.20258469297064238,-0.2028316723491335,-0.20584071387007247,-0.20677308337560563,-0.20687810406403517,-0.20776901312740906,-0.20365412960509674,-0.16712677633495132
62,1.74,0.014278188862247897,-0.20293096234261598,-0.20328278294009705,-0.1996946273947075,-0.20208180507859427,-0.2022690960721426,-0.20232079011061105,-0.20535363846749413,-0.20640848946024815,-0.2064725109892926,-0.20736886677413924,-0.2033044973824451,-0.16703253812218088
63,1.76,0.013030922300697868,-0.2025146472365608,-0.20285273248669122,-0.19941458948454993,-0.20175403069852044,-0.20195260287687405,-0.20181615105340966,-0.20486960371183116,-0.20604365431163013,-0.20606726679723178,-0.20697040028209884,-0.2029543752791085,-0.16693347655589535
64,1.78,0.011814839744328202,-0.20210097464741636,-0.20242665997080433,-0.19913219876620328,-0.20142570051862918,-0.20163470061265265,-0.20131786855120018,-0.2043879999235662,-0.2056793365386034,-0.20566278148481146,-0.20657247270199858,-0.20260458262135403,-0.1668292225303689
65,1.8,0.011887079284167889,-0.20208065701691152,-0.2023921331278236,-0.19923325392510877,-0.20148376083043817,-0.20170097030730536,-0.20120629135738202,-0.20545917979117193,-0.20572189844506927,-0.2056465527013062,-0.20657166151508324,-0.20263593821802253,-0.16685903302977073
66,1.82,0.010694468476796976,-0.20165124525482872,-0.20195154431439608,-0.19892597710581633,-0.20113410612106203,-0.20136101817071111,-0.20069965288754937,-0.20492751470522305,-0.2053370779823711,-0.2052231594751344,-0.20615632195258632,-0.20226614485509184,-0.16673390833880963
67,1.84,0.00953457131693581,-0.20122596579629515,-0.2015152966089927,-0.1986179350587068,-0.20078561860091895,-0.20102201696836455,-0.20020026044034572,-0.20440186720226128,-0.20495423448353575,-0.20480161161141663,-0.2057443526006126,-0.2018979013592781,-0.16660539021253742
68,1.86,0.008399593822535759,-0.20080470184891644,-0.2010836276755335,-0.1983098998147096,-0.20043853138081688,-0.20068408567197898,-0.19970846899850717,-0.20388150122252519,-0.20457339473746092,-0.20438274763813868,-0.20533521293335386,-0.2015317155699591,-0.16647466071196984
69,1.8800000000000001,0.0072913450697004376,-0.20038764872051915,-0.20065702985352873,-0.19800210687277667,-0.20009305843328387,-0.20034776182211556,-0.19922391287637267,-0.2033669554522306,-0.2041953979731786,-0.20396703378965791,-0.20492953732453598,-0.2011679107287195,-0.1663420928179672
70,1.9000000000000001,0.00620507631570588,-0.19997310549300462,-0.20023318638414941,-0.1976929025339668,-0.19974800324800002,-0.2000111746899013,-0.19874456731004753,-0.20285694980620977,-0.20381281945358268,-0.2035526062269893,-0.2045259438247101,-0.20080483761100165,-0.16620698395373837
71,1.92,0.005147248496322197,-0.19956541962136654,-0.19981667642104567,-0.19738645973461247,-0.19940699228913697,-0.19967797334747694,-0.19827477283902042,-0.20235546067047933,-0.20344102631428676,-0.20314376867041167,-0.20412850758224232,-0.20044642382317637,-0.1660708011983014
72,1.94,0.0041123005398767285,-0.19916254451753948,-0.19940529620955819,-0.19708138562169605,-0.1990687137441899,-0.19934780943429062,-0.1978123705588245,-0.20186057761511592,-0.20307289214788374,-0.20273856929890285,-0.20373493885708333,-0.20009114376596734,-0.16593393909636006
73,1.96,0.0031054112017462783,-0.1987647952525064,-0.19899952668629906,-0.1967779164877586,-0.1987330504319501,-0.19901984587809696,-0.1973573323065008,-0.20137256007187987,-0.20270804643314336,-0.20233749470961734,-0.20334591378114478,-0.1997391642911894,-0.16579619026846645
74,1.98,0.002118595501739669,-0.19837184669251498,-0.19859886746897276,-0.19647597201921868,-0.19840034004223334,-0.19869433282430876,-0.19690955874593358,-0.20089133867930992,-0.2023466295694904,-0.20194074020635805,-0.2029608923740852,-0.19939072505431324,-0.16565773679779433
75,2.0,0.0011535990797949987,-0.19798408951799829,-0.19820396755268566,-0.1961761437528879,-0.19807088186651445,-0.1983715067492118,-0.19646955568364108,-0.20041800174720484,-0.2019891156067336,-0.2015482624903006,-0.2025807897457118,-0.19904551857488784,-0.16551882946736388
